75 150
2 3 1 2 4 1 2 2 2 4 1 4 1 3 2 1 2 1 1 3 1 2 2 2 1 1 1 2 2 3 1 2 2 5 1 2 1 2 2 2 1 1 1 4 3 1 1 4 1 2 2 3 2 1 1 6 2 3 3 2 1 3 1 1 1 1 2 2 2 2 1 2 4 2 2
123 83 44 124 9 49 129 102 52 88 145 90 16 84 143 68 36 25 60 79 78 118 147 94 103 80 70 77 122 111 20 10 2 74 75 42 137 24 5 142 99 12 112 146 50 89 91 66 41 115 71 92 132 53 105 87 4 93 58 125 38 47 21 131 82 3 46 106 1 101 140 17 37 29 114 98 61 14 139 34 18 33 59 127 121 113 19 0 23 35 26 54 130 76 117 96 65 100 62 126 57 67 95 55 135 108 149 31 43 30 28 40 138 148 141 63 107 86 27 39 22 119 104 69 85 73 134 64 109 56 13 11 6 51 15 144 120 116 81 72 110 8 32 133 7 136 128 97 45 48
91 6 23 27 84 126 9 103 131 120 28 7 123 145 116 83 64 38 130 134 34 50 95 44 81 52 45 3 98 57 63 33 125 22 132 117 87 148 80 104 5 73 16 8 97 72 119 136 96 99 106 86 53 61 101 41 82 13 43 129 147 30 102 89 114 17 92 66 118 40 78 21 144 79 122 48 109 10 39 20 90 12 137 14 46 100 2 56 140 88 76 135 47 60 70 111 115 29 133 105 15 25 18 121 149 85 59 32 42 54 127 19 4 58 108 37 55 68 51 75 65 69 93 77 49 94 1 146 143 11 31 62 138 26 112 71 142 36 113 0 24 128 139 124 35 107 141 74 110 67
107 137 46 55 133 119 124 92 126 24 64 66 14 43 18 6 95 59 72 140 104 11 15 69 121 117 141 8 57 21 49 84 12 58 79 116 37 45 125 144 5 4 86 31 32 17 114 113 123 110 35 54 41 36 16 7 34 82 38 60 70 47 62 130 33 145 44 147 74 75 118 122 98 1 20 26 136 120 39 10 97 61 90 132 77 134 142 25 102 50 100 78 48 53 40 108 96 99 103 19 76 67 105 112 51 101 27 71 128 13 65 93 30 52 115 131 81 80 23 135 91 3 148 129 0 42 94 127 83 28 29 9 106 73 2 85 111 149 63 87 89 68 88 109 56 146 139 22 143 138
125 33 129 22 28 27 5 34 103 121 127 143 148 35 89 4 63 118 7 73 52 10 102 47 99 122 80 142 78 149 84 115 45 131 81 65 53 123 106 62 86 126 70 97 113 9 137 140 18 48 51 64 138 116 37 12 49 87 46 133 112 57 11 30 43 79 82 13 67 0 42 17 41 31 55 111 29 90 2 95 104 134 20 71 141 24 40 119 145 56 39 6 93 21 92 120 3 144 25 19 94 91 146 85 83 96 44 16 36 1 110 147 100 8 108 135 54 88 14 59 117 58 77 132 75 128 98 61 124 38 105 109 114 68 66 50 74 136 101 72 60 15 23 139 69 130 76 32 107 26
20 92 32 142 124 71 75 74 70 40 130 67 3 126 138 73 82 64 114 98 145 99 88 103 78 106 47 129 51 127 43 61 109 108 83 118 85 141 149 2 146 147 119 22 7 25 94 116 140 44 52 28 79 69 55 139 86 128 120 31 122 23 29 113 143 4 115 100 57 72 53 93 26 87 48 137 63 68 81 117 135 77 36 58 148 9 133 60 123 5 37 76 14 0 104 34 18 33 12 144 80 38 54 19 50 11 102 105 62 121 41 96 97 89 90 8 112 95 101 66 65 6 42 16 107 91 27 30 132 46 21 35 39 136 59 131 56 49 84 24 10 45 134 1 125 111 13 17 15 110
16 45 134 3 21 89 98 113 79 106 59 28 58 99 141 130 33 25 10 13 107 6 146 104 91 68 144 102 110 120 132 52 121 97 87 38 116 72 133 124 34 9 32 71 46 117 145 125 66 17 44 36 74 61 62 77 126 118 81 112 30 40 143 80 15 20 76 51 93 57 69 37 101 27 14 11 137 49 78 128 127 114 60 1 135 75 63 4 95 142 115 23 129 96 5 85 73 148 7 24 90 122 138 18 31 70 111 136 86 29 88 19 35 55 47 56 109 26 39 53 0 12 92 48 65 2 54 41 123 42 84 22 140 94 108 149 105 83 67 82 8 100 103 64 147 43 139 119 50 131
34 55 62 132 110 109 69 23 148 53 133 77 106 50 48 105 17 101 47 6 51 37 24 22 11 32 91 16 64 5 68 67 84 147 9 3 144 138 25 108 81 26 117 39 137 57 20 100 72 96 149 93 30 87 61 88 31 28 107 65 102 82 29 116 59 10 115 139 74 120 71 38 122 41 79 114 70 56 7 15 141 123 1 95 111 83 92 46 21 52 36 129 76 146 44 112 89 27 125 104 128 13 143 99 97 42 121 78 126 134 90 94 8 45 49 73 75 43 131 86 119 135 60 142 63 136 140 12 33 54 98 66 2 0 127 40 130 118 80 58 4 124 103 35 85 113 19 145 14 18
130 112 96 55 31 90 10 100 37 39 119 87 17 52 23 98 41 22 82 97 133 73 116 15 5 57 54 148 141 50 71 32 144 51 2 38 120 63 43 83 44 115 95 88 140 102 4 114 85 26 7 137 117 8 19 77 33 111 81 60 135 108 67 92 42 59 61 46 58 134 70 36 6 107 84 127 103 94 132 65 126 109 72 11 76 128 74 48 34 147 86 106 110 13 113 21 66 69 80 149 47 1 93 136 9 91 40 118 78 142 129 99 12 75 16 27 105 62 0 121 138 30 56 20 89 125 64 14 122 146 25 145 68 49 104 123 101 28 45 24 35 131 124 79 3 139 18 53 143 29
123 96 93 27 142 132 128 129 111 59 110 26 103 125 126 1 101 4 44 56 55 5 42 100 51 80 2 49 35 25 61 15 30 130 106 146 41 8 76 98 91 87 29 24 131 90 17 84 136 33 112 77 3 85 144 47 143 31 99 108 92 22 95 97 117 147 113 58 45 18 94 9 72 104 69 37 36 13 118 10 115 83 89 119 64 138 65 6 19 139 124 60 81 86 0 68 28 145 114 57 141 127 107 38 54 53 67 134 82 34 105 149 116 140 74 63 48 52 78 75 11 23 7 12 62 102 71 121 148 79 40 50 120 133 66 46 135 21 14 39 32 73 137 16 43 122 20 70 109 88
37 130 118 133 98 8 64 112 55 28 21 66 109 24 45 5 84 88 9 70 46 20 122 113 65 117 116 6 3 87 99 17 59 14 50 12 30 120 57 74 132 104 100 97 146 143 26 121 140 72 83 141 38 7 62 147 129 79 23 63 86 27 33 77 94 149 103 135 92 148 42 111 144 123 52 124 53 145 61 35 102 115 48 54 134 89 44 138 69 1 4 91 0 49 32 131 108 16 127 29 76 90 136 137 22 25 107 114 36 80 93 119 128 82 15 105 95 43 101 75 2 96 31 73 106 60 41 39 67 139 34 40 78 13 56 58 110 71 11 81 85 19 18 47 142 51 125 126 68 10
142 21 29 120 99 53 42 69 67 20 127 1 111 22 110 47 27 48 50 108 121 101 44 65 64 15 107 9 34 63 28 133 39 38 146 46 70 115 55 136 57 90 43 117 109 75 68 145 56 100 78 8 124 93 144 130 140 104 95 40 137 141 122 106 97 0 45 62 80 148 147 118 26 3 5 19 71 134 13 33 87 36 86 149 32 96 25 35 14 72 66 10 91 92 2 126 18 98 23 116 88 84 103 73 51 143 79 17 31 114 125 132 94 135 119 6 128 105 81 139 83 12 102 61 41 113 16 7 123 30 74 11 24 85 77 4 49 82 37 59 54 89 112 60 138 52 76 129 58 131
40 23 66 71 125 48 111 58 116 95 113 60 55 37 109 10 43 15 81 102 41 2 26 36 0 131 117 96 76 110 94 59 18 14 47 138 13 5 27 100 106 146 39 80 24 25 133 64 108 112 6 105 97 135 21 28 54 114 33 101 124 103 30 34 149 118 57 16 93 107 89 136 79 129 46 77 92 85 29 78 91 4 141 9 122 70 148 19 61 88 35 73 87 3 90 139 121 130 68 53 128 99 32 49 12 98 22 50 119 63 147 44 31 144 145 104 67 72 142 127 140 42 143 115 74 17 82 84 56 86 69 83 11 51 62 126 38 20 45 65 134 8 75 120 52 123 7 132 137 1
83 105 18 77 3 96 79 36 90 57 111 85 130 137 16 41 58 116 60 72 45 132 133 99 53 110 56 95 131 138 104 37 42 119 103 86 27 121 117 19 35 135 15 52 80 123 74 88 144 139 92 33 49 122 146 29 148 101 13 32 34 5 143 1 120 100 141 76 63 114 22 128 113 118 40 78 125 62 134 107 12 47 136 84 87 21 129 2 149 71 7 93 59 68 75 14 31 50 8 25 140 73 94 98 142 30 20 28 66 126 4 48 82 102 38 147 51 44 70 67 89 17 145 61 124 26 9 69 24 0 109 112 97 55 54 6 91 46 10 23 39 115 106 11 65 108 127 81 64 43
72 15 22 141 39 149 51 1 88 52 82 47 138 77 60 127 58 63 139 95 78 81 122 84 131 85 0 16 30 93 119 68 113 32 33 62 74 55 129 27 19 29 38 83 57 69 134 112 128 42 97 111 65 12 45 137 106 50 124 64 17 130 79 132 140 26 117 144 36 86 46 14 135 87 6 126 24 10 143 40 147 105 7 11 80 96 123 125 114 98 145 110 70 41 90 148 23 91 18 5 71 35 56 25 101 108 20 133 102 99 92 107 94 142 104 49 4 21 100 3 2 116 103 61 67 109 37 8 120 136 115 89 31 76 118 75 54 28 53 43 13 34 44 59 9 121 66 146 73 48
89 70 55 93 35 48 146 148 56 59 136 46 149 41 100 18 0 86 118 109 142 92 39 76 104 122 34 50 121 44 99 49 106 95 47 69 21 102 19 133 1 53 15 74 78 108 10 43 5 58 135 126 61 20 36 105 72 141 42 120 9 11 22 45 83 113 115 103 132 91 134 63 145 28 3 16 62 13 143 123 38 94 14 87 32 144 17 57 29 75 97 128 131 65 37 127 130 80 12 54 7 24 116 31 81 96 111 107 67 66 4 114 147 98 110 129 73 140 25 124 23 6 139 84 79 90 82 117 88 2 101 33 40 27 119 52 85 71 8 112 51 68 64 60 30 77 138 125 26 137
115 41 61 149 104 65 139 48 107 14 83 9 78 40 47 81 113 67 34 95 143 43 101 68 129 112 66 1 57 111 70 142 148 62 89 146 121 132 42 145 134 5 82 126 80 127 128 119 29 92 102 55 38 39 12 73 36 109 79 105 131 32 147 21 60 137 116 63 123 72 19 27 28 114 86 93 20 136 25 124 71 98 64 10 120 30 35 18 97 106 0 108 22 84 91 99 69 100 51 56 4 135 103 125 13 77 11 49 58 94 117 37 33 50 54 53 144 31 141 85 16 88 17 24 96 45 3 8 46 15 26 75 130 7 76 74 90 2 52 118 44 133 6 59 138 87 140 122 110 23
34 118 130 6 54 4 79 149 84 120 64 48 121 23 103 24 108 19 136 105 51 113 35 101 123 29 21 82 58 106 76 134 91 5 31 131 110 124 145 127 125 60 39 137 13 132 2 32 107 1 9 15 104 50 67 90 43 28 61 46 97 47 89 119 117 148 126 139 144 85 40 102 93 77 129 44 68 26 20 143 18 12 122 52 112 10 80 0 100 22 140 42 69 75 59 94 128 72 115 56 83 30 141 3 86 138 95 66 8 88 81 71 111 146 62 116 70 17 45 65 27 63 142 57 98 14 49 37 16 114 53 41 135 7 99 36 147 33 92 11 73 109 25 78 87 74 133 96 38 55
88 29 66 65 60 36 149 35 85 131 104 18 51 74 141 49 95 133 125 72 24 2 84 70 110 7 76 128 26 31 98 17 109 34 93 120 46 62 6 37 132 124 82 20 59 139 9 115 39 130 142 83 5 143 81 23 114 138 126 145 4 8 3 32 97 102 107 12 0 14 45 129 90 55 38 15 28 96 57 63 101 58 122 56 10 44 134 119 71 50 147 77 91 116 30 146 135 79 42 13 27 61 103 113 111 100 75 1 40 148 106 80 78 25 68 22 52 16 48 11 64 137 117 33 41 19 118 47 67 136 99 53 121 54 89 73 105 112 144 140 86 87 108 92 123 94 43 21 69 127
69 19 65 143 58 13 1 2 141 15 136 147 47 59 44 41 78 9 148 84 97 104 81 70 92 21 117 139 122 109 76 149 12 32 55 112 0 56 125 25 24 23 88 120 27 60 102 66 131 134 34 5 124 28 98 118 114 127 146 45 103 116 80 10 95 64 121 61 113 77 138 31 6 94 110 14 133 128 119 91 101 87 7 63 99 145 82 37 107 126 4 51 22 57 73 33 132 93 140 90 135 26 42 11 85 29 71 46 52 130 50 86 72 39 35 74 137 3 108 18 105 8 30 67 106 43 38 68 17 48 111 129 89 79 40 62 100 16 142 36 54 20 144 49 75 96 53 115 123 83
98 118 85 95 129 111 90 106 142 10 32 101 45 5 140 7 133 13 120 89 122 124 14 34 138 69 105 28 73 67 108 103 79 75 100 60 139 148 1 131 61 96 31 141 99 66 35 147 144 112 21 58 51 93 77 76 65 146 78 82 119 44 92 114 123 104 97 15 135 16 74 116 134 55 24 26 38 117 52 0 68 70 42 62 126 30 40 128 121 17 3 47 18 91 12 102 54 130 115 71 81 37 49 137 94 46 136 145 25 23 64 57 27 50 8 59 4 83 84 19 39 48 20 72 36 29 113 33 53 11 88 143 110 63 125 132 6 86 41 107 87 109 149 80 22 9 43 56 2 127
43 130 112 50 56 93 61 33 139 120 138 101 91 28 17 62 85 36 25 83 9 88 89 144 34 26 131 53 105 98 127 99 7 71 77 47 133 68 65 118 44 48 122 37 107 30 23 3 55 116 100 135 129 74 18 5 87 119 148 128 140 108 41 86 13 19 111 147 92 97 76 134 27 117 46 124 29 78 38 60 10 39 136 0 45 15 123 42 80 32 12 126 2 132 146 115 149 145 104 106 114 6 21 54 69 94 103 70 66 73 102 82 1 67 4 20 31 142 24 84 14 59 11 52 79 64 63 40 35 109 22 113 75 121 137 95 110 57 51 81 72 141 58 8 125 90 49 16 143 96
49 69 72 96 136 76 33 14 68 11 36 39 46 115 123 79 99 120 147 132 139 35 45 138 23 143 1 85 7 44 126 29 109 83 133 135 41 84 121 61 78 118 55 5 25 70 67 87 74 2 98 108 103 129 101 0 127 22 124 145 146 81 9 66 54 95 57 16 52 80 140 92 37 86 10 31 113 30 142 19 144 6 106 58 18 119 4 104 65 64 3 107 48 20 15 131 50 149 26 60 63 62 24 125 34 12 56 77 38 134 17 105 141 13 82 75 71 43 89 88 137 93 114 59 21 100 148 73 91 110 53 47 42 97 27 111 102 122 94 90 128 40 112 51 116 32 8 130 117 28
76 123 99 0 129 122 5 81 87 59 28 119 4 132 111 93 27 100 46 69 34 1 103 73 16 88 32 79 35 72 14 38 10 25 3 9 8 45 24 86 12 141 17 101 134 149 55 145 84 30 26 114 23 105 90 33 102 117 52 131 128 89 83 49 146 133 82 37 142 61 91 39 138 51 107 137 22 50 62 48 2 54 19 126 57 116 53 106 92 6 120 109 135 41 15 127 96 98 143 68 108 140 144 40 112 95 29 47 63 139 58 148 36 104 18 56 65 94 136 71 77 78 42 11 64 115 118 130 85 43 44 124 67 7 147 125 74 80 110 97 31 60 70 20 66 21 121 75 113 13
11 32 27 127 98 87 42 133 123 121 131 119 56 71 90 14 79 120 85 106 100 144 26 65 40 99 130 92 74 50 4 67 62 81 13 134 96 103 145 80 46 58 112 43 148 2 102 142 108 35 33 69 137 12 93 149 132 28 54 139 31 113 48 57 7 17 64 0 88 146 1 115 39 61 37 124 38 101 44 21 77 20 128 63 36 66 73 29 55 114 15 94 23 3 24 51 82 70 122 136 49 84 52 41 47 89 34 75 125 107 83 109 97 45 116 72 19 9 111 141 30 117 86 135 126 10 5 53 18 140 25 59 105 8 91 22 6 143 60 16 129 78 68 138 118 76 95 104 110 147
73 110 32 138 45 65 49 68 69 56 6 136 102 16 132 76 116 137 1 122 127 83 125 3 82 99 27 87 36 66 141 95 21 94 9 93 128 35 88 11 29 57 30 41 121 17 143 98 107 54 19 4 130 63 12 109 114 86 44 80 23 70 142 31 10 24 13 43 18 112 67 104 40 48 111 89 37 8 133 129 60 39 96 148 33 26 53 64 120 7 81 135 92 79 140 61 25 34 58 97 84 50 100 59 72 105 28 47 91 113 14 38 119 106 145 15 55 74 42 71 124 5 126 108 52 77 75 134 131 90 51 146 149 62 103 0 147 139 85 123 144 22 115 117 2 20 78 46 101 118
67 56 7 33 18 71 131 79 44 138 112 77 147 96 14 32 25 76 28 42 46 92 106 137 39 102 125 85 6 58 11 59 99 120 45 55 47 122 10 97 130 69 93 142 126 82 100 149 3 105 81 48 57 90 128 1 43 2 64 101 63 84 35 114 36 91 24 66 4 133 139 52 17 54 88 123 143 89 144 12 110 62 117 116 31 5 30 115 13 86 121 60 136 118 72 0 80 146 51 65 29 74 37 19 83 70 132 61 109 145 95 127 141 98 68 87 113 94 124 148 27 9 34 21 53 49 23 16 15 104 41 134 129 26 119 107 8 50 38 140 20 73 103 78 111 22 75 135 40 108
93 120 140 54 20 42 70 104 82 25 107 85 133 8 136 124 15 87 115 146 98 126 40 127 39 100 96 16 130 128 92 122 0 27 3 41 84 129 114 57 47 74 52 4 30 61 88 45 119 65 12 19 106 35 134 91 71 48 86 13 50 102 116 60 14 33 112 34 32 131 144 62 11 7 69 139 141 26 43 78 22 137 23 95 89 135 94 59 28 55 58 149 99 6 56 38 18 75 31 2 143 81 113 76 103 77 21 117 49 73 67 105 125 72 145 108 123 147 138 53 79 111 97 80 118 36 83 142 68 5 51 63 24 121 17 132 148 66 37 9 109 90 110 101 64 10 46 44 29 1
92 65 62 104 73 67 46 108 16 64 60 42 133 85 129 120 84 130 100 14 118 41 125 70 145 7 44 99 13 35 69 111 146 22 45 89 68 50 90 119 107 95 121 101 86 126 9 105 135 8 43 58 61 94 28 31 93 136 80 143 75 78 59 124 76 12 56 21 137 40 38 48 2 116 25 83 117 123 37 20 131 30 33 5 147 19 97 23 122 149 81 24 39 47 34 128 52 127 63 29 103 140 114 51 6 49 96 54 115 141 18 4 66 32 110 74 0 26 1 72 138 98 77 57 79 10 71 88 27 112 87 113 144 82 142 36 148 91 132 106 55 15 139 3 11 17 102 134 53 109
120 15 121 77 140 42 94 26 106 99 21 16 18 81 82 107 83 133 3 149 64 144 5 103 58 84 80 35 113 89 25 131 74 143 114 62 36 148 19 79 13 111 17 70 138 14 22 4 125 101 66 139 28 141 55 98 124 63 95 65 135 51 60 142 49 123 115 91 9 88 109 57 2 8 50 117 76 44 136 105 118 147 71 127 56 11 104 45 23 86 129 53 116 10 92 146 68 61 97 75 126 112 137 20 102 108 31 93 78 130 43 0 40 12 87 32 7 73 41 38 52 30 29 27 119 132 48 59 24 90 46 34 85 67 122 6 145 39 47 110 33 69 72 100 1 37 54 134 96 128
144 132 13 63 88 102 104 16 140 79 109 21 83 148 136 131 78 141 14 97 99 47 100 42 5 33 48 8 7 124 3 22 2 149 114 111 116 81 43 147 29 40 113 15 93 17 36 54 130 70 20 27 118 23 58 30 67 122 56 80 26 51 60 69 55 64 82 112 121 127 37 0 45 137 6 34 142 74 96 120 44 31 59 103 49 12 39 24 84 77 90 66 128 1 89 143 133 98 115 86 106 62 110 65 41 46 135 19 38 73 117 92 50 10 11 139 146 57 61 18 134 76 123 75 71 129 25 4 85 35 32 101 138 94 9 125 68 95 72 53 28 119 107 126 91 145 105 87 52 108
33 97 128 39 50 45 35 140 43 125 53 30 52 91 139 89 110 63 135 132 59 80 32 144 102 145 148 10 95 84 58 101 11 14 17 74 73 133 2 142 28 86 147 38 99 5 115 96 127 42 49 136 27 82 138 83 44 65 143 137 54 87 70 61 6 90 77 149 4 40 64 124 18 0 47 130 106 36 60 98 71 79 57 120 111 62 46 72 25 48 113 134 100 7 8 1 109 15 131 81 129 31 94 41 16 104 34 105 19 67 69 37 23 92 20 93 29 66 85 112 123 12 117 78 26 9 88 51 22 103 68 116 118 76 108 56 24 75 13 107 141 146 55 122 126 114 3 121 119 21
37 128 38 115 62 17 59 88 33 111 145 134 51 143 126 84 121 58 104 14 81 110 103 119 109 25 123 125 122 4 142 56 144 49 98 54 61 23 8 139 112 39 15 1 70 133 34 31 86 138 73 141 72 30 68 114 116 69 67 90 5 63 20 35 22 40 16 147 6 11 118 91 3 94 44 2 36 19 45 99 102 12 97 108 120 149 105 79 129 76 55 95 100 9 140 107 137 106 57 28 27 80 42 96 65 135 127 13 47 21 64 83 148 7 92 146 32 78 117 93 71 41 132 29 130 131 136 48 89 113 75 53 46 82 66 101 60 26 74 85 10 50 24 87 52 0 124 18 77 43
100 16 145 5 1 85 117 126 138 124 76 149 137 29 65 3 103 94 40 49 67 109 106 26 42 122 73 61 131 33 60 104 47 6 45 108 11 14 140 34 143 115 120 51 87 19 79 62 37 101 0 24 41 127 36 70 105 121 54 114 4 53 83 148 136 142 86 91 110 123 28 134 68 147 35 88 25 80 77 112 107 99 116 2 146 141 81 95 98 133 31 75 118 43 12 23 39 93 46 48 69 139 59 111 119 15 130 96 17 92 113 58 132 84 125 8 64 38 22 44 135 78 71 52 90 13 129 97 102 128 55 72 63 89 50 18 21 66 74 82 56 32 27 9 10 20 7 144 57 30
70 133 77 66 84 118 104 26 109 36 92 23 110 116 16 115 89 99 105 131 120 87 3 19 125 100 61 53 114 96 62 73 94 146 141 1 69 85 81 101 60 122 2 74 6 128 148 82 78 80 132 135 58 14 15 137 34 12 65 41 72 93 121 138 143 52 35 90 142 119 11 38 47 103 127 79 48 126 43 124 71 139 51 17 75 67 40 145 106 130 45 37 33 55 149 7 76 30 147 95 9 83 97 91 24 39 57 117 88 102 20 49 10 0 32 140 22 13 50 113 63 107 8 27 59 18 123 108 56 112 134 31 129 28 68 111 46 25 44 4 136 42 54 21 29 5 64 86 144 98
142 117 93 100 38 28 146 34 6 10 55 101 79 138 66 104 110 139 119 16 44 145 122 92 109 130 74 65 94 120 46 73 95 77 81 69 8 61 107 82 84 23 41 85 5 64 18 116 9 149 68 80 12 98 7 87 115 17 75 21 126 62 132 56 0 70 127 113 13 135 31 52 60 57 134 108 103 15 58 129 39 114 11 88 76 86 35 29 140 148 51 72 19 141 118 143 50 30 89 133 128 54 125 121 53 37 136 124 43 1 78 106 26 90 25 96 67 137 112 59 63 48 42 27 40 111 71 83 22 123 99 36 131 20 147 45 4 49 144 32 2 97 47 105 24 91 3 102 14 33
117 16 64 61 114 84 57 83 74 11 129 32 93 68 130 37 46 122 52 5 15 77 124 51 115 7 14 107 48 149 10 55 126 137 113 21 65 139 12 17 58 66 70 135 38 119 44 123 20 67 102 22 81 69 2 23 63 109 121 98 49 144 95 36 62 6 106 59 28 111 104 9 1 99 118 31 112 79 145 75 35 100 125 127 42 25 132 3 134 92 128 33 39 110 13 54 30 45 142 26 18 120 103 47 97 71 94 138 50 72 148 41 108 24 78 0 140 136 96 29 131 53 105 34 80 90 43 56 27 85 147 91 116 86 73 133 8 143 87 19 4 76 101 60 89 82 146 141 88 40
144 42 118 85 125 130 75 59 64 141 97 45 129 57 50 133 55 35 107 86 81 145 46 31 53 7 146 132 142 29 25 98 116 113 92 48 121 63 16 26 17 122 80 72 82 119 68 140 28 78 90 18 0 56 99 24 61 84 101 147 126 117 136 39 1 70 51 128 54 27 108 149 105 67 74 13 94 14 2 120 76 15 33 21 43 103 87 52 106 44 100 131 60 95 127 8 41 77 109 139 49 11 111 34 37 12 93 79 30 110 69 135 112 102 3 4 71 83 22 115 20 143 6 23 148 91 65 96 138 137 124 104 32 47 114 73 38 62 5 89 123 19 134 9 88 40 10 36 66 58
139 85 72 143 50 68 36 29 125 9 75 76 53 16 87 130 118 3 103 17 39 20 70 128 59 58 15 41 119 10 66 51 108 21 55 94 88 19 97 30 107 145 83 127 116 142 31 147 102 56 32 26 91 46 123 89 98 133 44 80 100 71 113 8 146 7 49 122 73 52 140 14 132 109 62 92 5 99 114 69 74 101 12 93 82 35 120 77 117 126 78 111 57 131 22 1 84 104 148 112 34 65 134 138 4 144 42 43 18 105 96 137 95 45 90 149 61 47 63 11 141 135 6 23 33 129 121 110 13 106 37 79 38 48 54 40 86 28 64 0 115 25 136 60 24 2 27 124 67 81
34 4 62 133 14 53 19 94 136 26 125 126 7 127 91 83 12 3 109 30 86 5 43 74 124 108 63 25 128 13 92 113 21 51 95 134 149 70 141 32 49 2 121 90 16 42 11 50 64 96 142 78 8 145 17 116 79 144 45 140 73 22 135 23 31 54 100 102 68 48 41 93 39 112 97 104 58 24 101 129 85 36 138 106 27 15 143 38 99 82 115 120 87 107 103 69 98 28 61 18 29 9 118 139 20 40 132 60 110 111 52 66 72 122 88 47 59 0 114 147 119 105 57 146 67 84 35 148 46 10 65 33 81 131 117 1 123 44 75 6 76 77 137 89 80 55 71 37 130 56
72 143 87 111 51 83 73 84 34 44 108 62 106 8 132 130 66 110 102 98 71 136 138 55 128 68 119 145 112 99 124 75 58 104 2 149 118 127 129 67 14 135 96 117 6 11 56 22 131 69 45 140 3 9 82 88 60 61 42 121 33 43 17 94 36 142 57 91 109 64 146 89 1 93 10 63 46 76 114 148 141 139 54 103 28 85 16 147 15 40 47 134 59 120 79 0 144 53 101 123 86 81 4 41 49 126 37 105 50 107 137 116 18 70 32 133 26 31 80 39 25 100 35 5 92 29 78 113 24 38 74 97 77 27 122 13 7 115 23 21 125 65 20 95 48 19 52 30 12 90
106 61 0 63 45 99 26 7 66 109 19 22 93 31 146 43 30 44 13 105 144 65 38 142 57 145 118 113 111 104 110 5 36 149 133 49 148 23 120 78 138 87 82 40 129 48 122 132 116 50 94 75 88 39 68 58 67 100 139 64 60 24 33 108 92 2 117 140 131 18 52 136 72 79 6 98 141 115 80 12 54 28 103 3 85 46 37 74 59 25 15 73 101 143 1 134 90 32 130 124 86 11 20 112 77 10 42 89 27 147 121 70 4 56 69 119 41 83 96 14 21 53 47 29 127 51 81 55 17 135 84 16 137 128 126 114 34 102 123 35 97 62 71 107 8 9 91 76 95 125
9 106 43 139 105 21 143 42 58 10 6 94 14 95 33 84 47 132 67 18 61 25 40 111 35 135 138 115 73 88 81 86 32 136 110 66 37 131 51 2 85 3 118 30 146 113 99 148 114 46 80 144 101 70 100 15 134 89 36 19 91 45 122 34 54 74 4 16 125 52 119 102 128 38 53 77 117 79 31 72 142 50 126 68 76 149 27 116 64 90 92 65 147 23 75 133 44 93 103 20 78 29 104 60 24 124 0 109 26 49 120 63 28 7 96 13 129 112 137 71 127 11 141 123 56 5 83 55 130 69 107 145 121 39 59 97 62 48 82 41 12 17 108 8 140 98 1 87 57 22
85 71 134 82 53 143 130 115 23 8 9 132 62 38 129 125 47 58 50 14 86 109 148 93 17 37 94 102 48 123 66 5 7 149 73 114 117 31 57 146 41 51 18 87 70 133 30 74 83 77 90 104 121 76 141 11 105 145 113 54 40 19 68 119 10 0 22 98 122 108 44 27 28 89 32 99 136 49 45 69 84 72 63 80 96 97 20 103 106 13 67 24 21 116 61 81 43 55 107 1 79 120 12 111 100 144 29 65 101 131 147 137 142 3 139 42 64 138 52 88 26 112 110 75 33 128 124 91 126 34 140 6 35 92 95 135 78 59 127 36 25 46 15 60 56 39 4 118 2 16
148 29 83 76 107 141 109 19 62 101 139 68 70 23 59 88 5 84 126 137 117 78 122 0 111 26 108 77 146 6 69 67 94 90 53 130 100 147 140 112 66 39 87 55 28 121 115 31 42 110 61 98 25 65 92 46 35 145 57 119 17 82 73 102 99 95 129 11 12 56 40 32 18 3 74 85 22 45 2 4 72 38 116 64 21 47 24 9 13 15 97 149 89 132 71 51 10 37 105 44 93 75 41 114 103 133 120 16 144 125 63 96 8 48 1 127 58 54 20 52 106 33 27 128 113 7 50 81 142 143 138 60 49 36 91 104 134 135 136 86 43 118 79 80 14 131 34 123 30 124
114 56 2 63 34 70 75 138 104 133 90 88 98 92 44 17 26 30 7 143 103 72 21 48 54 23 45 69 106 15 31 61 9 128 49 46 102 39 148 51 52 81 122 131 28 149 107 99 147 126 16 85 1 35 125 145 67 120 97 142 79 55 20 24 74 87 12 19 140 41 33 6 91 137 32 115 129 11 0 101 53 135 66 59 123 119 8 86 108 116 96 29 136 18 71 43 47 78 124 25 58 100 109 50 38 10 65 95 60 80 13 37 113 118 110 22 132 121 134 14 82 111 68 146 127 57 4 139 36 27 5 117 76 3 64 62 73 77 144 84 105 42 89 94 130 93 112 83 141 40
70 63 90 140 119 147 14 99 3 42 53 76 130 109 101 30 54 29 45 136 83 38 78 1 77 131 57 117 123 71 41 56 33 50 16 134 100 79 67 10 144 69 8 105 92 49 7 44 5 40 32 66 132 121 82 124 18 146 55 106 46 115 111 20 113 61 97 9 72 84 47 28 133 13 148 4 19 48 27 88 103 58 39 80 107 65 75 85 108 24 116 21 59 17 74 110 26 87 0 114 12 34 128 142 93 120 25 96 81 15 137 145 139 60 127 89 51 135 149 36 143 91 73 23 68 138 118 126 102 94 11 129 122 6 141 52 64 22 104 35 31 37 112 86 125 62 43 98 95 2
64 48 66 122 22 114 146 8 138 145 77 61 71 128 82 70 37 43 54 115 40 35 51 23 105 93 11 46 19 103 49 123 129 127 56 39 142 91 25 130 15 14 89 140 27 3 12 1 34 17 58 2 60 120 143 72 95 108 92 32 5 50 136 132 96 149 45 83 131 16 30 20 4 55 6 42 124 104 110 112 28 0 139 141 41 101 13 18 75 111 53 10 137 44 147 73 113 29 98 85 88 117 148 38 52 7 81 67 106 121 87 134 116 62 119 97 126 76 144 99 102 79 69 57 133 74 26 90 47 125 86 21 9 107 80 31 33 94 36 118 135 78 59 65 63 100 68 24 109 84
24 99 23 85 43 6 59 132 129 21 71 12 87 33 121 93 63 61 95 115 84 82 116 25 110 101 120 141 133 100 50 118 145 35 14 49 68 13 40 22 44 0 86 62 140 113 30 42 103 55 79 56 73 102 15 39 81 19 109 107 60 123 75 125 67 64 28 20 98 104 47 134 52 83 53 3 1 57 69 36 137 108 8 78 130 70 127 18 9 29 54 126 37 131 77 41 74 72 46 146 148 136 91 119 32 7 27 26 48 97 124 10 76 65 138 34 144 149 51 128 66 17 11 122 105 112 4 80 111 90 2 94 38 89 142 147 31 45 16 88 96 92 58 106 114 117 143 135 5 139
99 48 47 9 32 10 29 109 92 75 124 36 107 4 70 140 35 44 14 56 139 53 54 77 65 110 96 121 111 59 17 42 145 82 113 6 43 149 132 116 119 39 81 118 23 120 69 87 28 86 46 19 94 41 21 95 135 125 68 34 13 126 51 104 137 129 16 64 143 148 134 55 90 20 138 123 142 85 100 45 101 24 2 112 114 49 26 63 122 79 25 80 40 67 147 115 37 66 146 73 57 144 12 0 8 30 106 52 97 22 18 131 128 108 76 60 88 1 91 11 50 141 27 3 31 15 72 74 71 89 83 58 136 33 5 98 93 78 84 130 133 102 105 127 7 103 62 38 117 61
71 90 76 142 104 91 88 23 31 125 82 55 149 116 94 121 98 117 119 89 92 95 56 112 84 2 26 129 61 78 72 143 139 1 59 74 36 14 137 20 97 33 103 73 100 6 126 49 65 41 47 127 106 148 58 37 38 145 19 0 62 128 96 7 29 64 43 147 134 115 113 60 120 24 35 40 54 32 108 86 57 67 68 79 39 17 25 132 87 124 42 144 9 30 3 28 80 105 75 118 101 135 107 77 46 146 21 18 114 12 122 110 45 52 27 63 53 4 81 69 50 51 83 136 22 133 8 131 102 99 111 85 138 13 5 93 34 70 16 130 11 44 140 123 109 15 66 48 141 10
28 60 86 108 48 32 6 139 123 5 62 41 101 63 53 66 0 78 120 130 31 89 57 128 40 72 37 80 100 115 71 49 145 84 45 67 38 147 129 93 111 104 103 15 54 112 18 81 107 131 144 1 70 22 55 135 113 85 87 26 52 105 19 140 146 95 75 142 14 20 76 134 118 42 79 7 122 13 44 30 8 125 92 124 50 137 35 110 39 82 83 98 77 61 21 88 99 59 143 148 117 4 51 3 114 106 119 10 12 127 69 24 56 43 90 136 102 58 23 16 97 64 141 27 46 17 132 149 47 74 133 68 9 34 25 2 138 126 116 33 94 73 29 96 91 121 36 65 109 11
33 75 119 43 128 21 118 56 3 46 13 50 111 99 17 38 51 126 95 94 85 59 103 18 30 65 98 117 63 41 96 9 48 130 36 15 116 77 83 148 54 34 81 4 88 134 129 22 29 26 112 11 104 74 89 93 132 144 19 125 37 79 14 100 57 23 73 114 0 124 66 52 97 45 58 123 106 31 7 78 71 86 80 42 149 136 105 135 2 1 137 8 70 55 10 143 12 140 84 113 49 28 39 120 101 127 110 109 6 139 147 24 141 16 47 68 131 108 32 62 72 142 145 91 92 115 5 69 60 76 20 64 102 146 87 107 121 35 27 61 40 122 138 53 82 67 25 90 44 133
123 32 94 133 22 81 127 130 122 41 121 64 57 138 24 95 48 98 10 49 125 27 67 0 28 87 79 108 52 109 97 62 37 63 112 118 104 38 34 141 75 124 16 117 144 54 13 1 147 40 50 43 58 139 60 44 42 100 65 115 76 91 84 39 7 137 25 74 2 77 143 12 45 82 135 47 134 33 101 126 35 78 19 30 85 8 14 80 99 23 105 15 92 4 103 5 17 21 66 70 114 145 110 18 128 31 9 59 56 69 88 29 106 72 90 51 36 83 120 89 46 136 73 68 96 11 113 140 55 71 132 142 149 131 116 119 148 129 107 6 86 53 102 20 61 146 26 111 93 3
132 107 70 73 130 69 146 123 49 93 101 116 85 111 108 61 133 59 118 136 7 28 10 14 80 144 96 139 95 3 18 38 19 109 33 141 92 58 124 41 47 57 84 71 31 21 131 13 120 104 32 137 147 39 128 4 138 29 77 45 30 74 148 129 0 112 87 8 48 149 91 135 42 76 100 6 53 36 34 55 143 89 37 103 15 65 105 12 43 62 115 72 5 122 54 99 1 25 121 66 81 11 125 16 52 56 51 90 44 50 20 94 26 140 40 82 17 64 79 127 35 113 102 24 9 145 22 46 106 75 23 2 117 88 86 63 142 114 83 110 97 126 67 98 27 78 68 119 60 134
25 96 65 127 9 13 128 58 101 10 69 134 76 146 28 131 111 145 91 81 0 71 140 108 6 124 61 73 29 14 12 57 136 129 52 16 37 125 141 130 66 50 30 64 51 21 121 55 106 26 98 107 75 15 119 2 87 113 103 22 11 38 54 82 139 138 49 114 95 79 18 41 97 33 109 4 90 31 143 94 68 89 42 133 122 3 132 19 53 123 115 1 86 88 5 67 93 104 48 46 80 78 45 35 144 137 83 23 59 118 43 147 27 126 117 70 120 63 74 40 20 99 7 56 32 34 39 100 36 149 84 112 85 62 135 72 77 105 8 102 142 148 24 116 110 44 60 17 92 47
16 97 29 142 70 120 100 75 38 53 12 128 135 83 139 146 15 69 76 124 87 144 108 104 84 22 55 91 85 68 115 145 40 66 103 118 79 138 25 121 37 71 44 62 116 148 136 6 56 20 17 28 119 21 122 141 102 90 51 52 24 31 10 94 92 89 26 42 140 72 105 130 109 127 143 64 48 1 35 36 34 39 33 7 49 67 74 46 82 133 11 86 57 125 81 18 65 95 50 137 110 112 32 3 101 107 78 149 114 77 5 147 45 96 23 9 117 61 30 13 4 43 134 98 99 80 54 73 41 47 123 2 88 93 126 106 132 0 58 60 113 129 19 131 8 59 27 63 111 14
149 76 87 64 23 97 86 82 39 107 62 26 122 29 70 83 79 116 17 117 32 123 1 22 134 136 127 133 115 12 95 13 27 99 130 25 67 8 48 5 113 44 139 126 58 73 50 111 104 128 71 66 65 132 40 142 98 54 33 55 42 147 125 135 119 90 46 63 109 100 80 143 138 129 10 88 146 77 112 120 45 74 30 68 85 131 145 106 84 57 6 49 34 102 110 78 56 61 36 19 105 89 108 11 3 81 148 114 2 38 16 53 43 0 121 137 72 93 47 20 24 96 15 35 21 91 4 14 28 37 94 51 103 75 9 69 31 118 141 92 60 52 59 124 144 7 18 101 41 140
117 32 87 50 7 16 24 114 12 62 91 22 74 11 5 101 68 35 57 83 92 67 76 15 44 86 10 89 131 132 81 18 14 1 100 149 119 34 128 70 61 65 20 64 139 28 66 21 113 99 98 23 125 116 104 147 8 69 0 105 144 130 19 112 123 6 135 129 55 96 56 133 115 82 85 102 122 95 140 49 54 58 143 106 41 110 107 33 46 52 51 118 94 36 80 60 4 124 73 77 109 31 75 2 88 43 136 45 38 97 72 79 84 9 126 17 134 3 148 137 93 138 42 111 59 78 26 39 141 40 146 142 27 30 145 37 121 90 108 127 25 47 103 48 63 71 13 53 120 29
25 62 147 111 70 141 58 102 110 132 107 142 94 51 33 61 30 95 86 109 118 32 57 140 7 138 39 134 144 103 105 98 11 83 52 36 27 56 115 77 131 87 40 38 48 8 104 63 47 43 6 113 139 121 129 55 79 18 29 99 46 96 125 148 137 149 146 100 119 143 73 60 74 23 50 90 124 75 89 85 5 80 97 64 122 16 108 45 133 127 123 101 91 53 0 20 21 126 59 69 10 112 92 26 28 44 66 14 145 12 67 37 4 106 65 22 54 116 117 82 2 15 120 42 24 17 130 68 135 84 114 3 1 93 78 34 31 136 72 88 13 19 9 76 49 128 35 41 71 81
34 53 32 93 44 102 45 63 138 108 84 80 69 74 145 106 132 76 78 136 119 149 134 122 7 16 52 19 107 35 73 77 25 83 105 109 6 98 130 11 10 131 96 42 114 28 81 148 14 126 140 21 110 29 54 82 56 37 103 124 9 113 55 20 72 141 146 50 46 41 23 120 85 87 13 123 61 67 5 92 31 39 18 22 139 68 8 36 115 58 79 47 38 128 27 65 1 2 133 71 116 86 142 30 137 127 94 33 88 3 17 70 99 40 125 144 51 64 91 66 89 12 49 112 100 75 143 118 101 60 121 129 59 15 26 62 0 104 48 147 111 57 43 117 135 97 24 90 95 4
101 116 106 25 84 133 138 58 137 27 102 62 97 109 33 59 15 69 85 74 57 112 104 4 118 49 30 105 45 117 114 39 11 136 23 26 5 148 55 71 100 82 141 119 95 124 68 19 122 13 63 9 129 132 60 115 123 87 29 54 41 144 93 130 17 8 38 64 131 80 98 108 48 37 128 107 22 31 99 88 1 75 134 149 67 3 110 147 65 79 51 86 90 53 28 34 91 139 111 83 120 7 47 50 18 121 146 142 21 81 76 143 94 2 10 70 89 127 32 61 77 125 0 24 78 12 52 135 126 96 20 140 6 43 56 42 40 72 145 16 113 14 92 46 73 44 35 36 66 103
100 118 111 140 95 97 96 79 77 21 5 19 31 124 112 14 65 109 119 25 56 142 43 13 132 137 94 88 7 82 75 62 101 29 90 147 8 23 135 92 6 148 26 145 30 15 3 4 85 28 104 89 34 38 144 49 134 24 40 86 121 51 66 125 130 129 69 68 117 53 73 139 55 47 1 45 52 22 105 146 114 50 64 93 83 33 126 32 10 74 48 58 70 116 91 76 17 0 59 60 16 106 136 98 107 35 46 108 113 44 149 133 27 87 9 71 61 2 141 80 110 99 143 123 42 127 41 18 115 122 84 78 81 11 54 36 37 120 57 131 63 128 138 20 12 67 39 102 72 103
48 66 60 28 30 142 54 74 5 113 63 98 21 132 11 77 44 125 7 91 58 82 4 137 135 70 124 55 127 112 42 46 86 26 67 52 25 78 123 108 117 139 24 131 134 18 36 33 57 79 23 115 80 83 120 6 27 119 94 90 89 34 87 3 116 75 147 9 29 114 121 93 1 43 49 111 101 8 69 143 47 59 65 138 35 45 20 16 10 140 106 37 73 103 95 109 39 53 122 81 102 32 133 40 144 19 99 85 110 2 41 31 68 141 146 104 129 71 22 17 97 51 61 14 13 136 100 0 149 62 96 105 107 126 15 130 118 92 38 64 56 128 145 88 148 76 12 72 84 50
65 113 57 79 36 111 18 7 73 68 147 33 35 130 86 74 34 41 60 80 19 46 148 98 75 10 149 145 104 101 47 55 100 5 4 102 40 71 32 83 109 31 45 144 22 54 139 24 84 12 126 112 108 138 8 17 26 93 132 95 89 92 1 82 38 125 123 136 37 43 87 142 103 88 61 63 48 53 56 131 30 91 99 116 3 59 25 9 118 2 23 39 72 115 97 14 133 127 42 128 11 6 0 58 51 70 69 105 135 140 94 64 143 120 106 77 96 137 129 50 44 107 52 20 16 15 110 134 114 21 13 62 121 85 66 81 28 67 124 76 27 90 49 117 146 78 29 119 122 141
141 3 21 15 94 52 12 149 106 63 115 129 66 82 111 75 28 100 126 53 54 59 8 120 96 38 51 78 49 98 50 55 116 140 10 113 7 112 88 95 89 37 24 43 72 97 19 40 133 92 45 61 16 105 114 83 1 30 142 101 60 131 124 99 79 46 57 136 73 109 84 125 47 85 4 77 91 23 34 71 146 31 11 70 5 145 86 80 39 62 44 139 74 18 137 134 42 32 26 6 13 144 128 9 17 2 107 138 127 121 87 68 22 41 48 69 65 64 81 76 117 0 93 14 119 103 67 147 132 20 27 148 25 90 56 122 135 130 108 143 36 58 118 29 104 33 123 35 102 110
19 77 138 80 82 38 76 37 114 105 8 145 109 91 129 144 130 116 39 74 72 75 24 53 11 34 115 31 104 127 42 13 6 16 26 136 55 50 54 146 149 108 143 70 121 17 27 46 85 112 51 64 137 25 134 101 94 48 33 132 126 98 21 1 88 62 122 71 117 29 63 135 22 57 49 92 141 0 45 84 18 28 81 125 56 10 20 133 142 40 97 23 83 96 140 78 5 68 32 89 65 52 43 79 36 2 9 41 148 95 67 111 103 102 131 61 139 12 107 90 120 147 86 47 7 99 106 93 73 128 35 14 100 30 123 118 124 44 59 3 119 66 113 87 60 4 58 110 69 15
107 18 74 34 54 16 128 91 71 43 4 88 80 130 127 81 109 138 38 103 79 77 105 2 106 84 102 21 131 125 101 76 60 28 12 140 146 3 30 113 123 5 6 13 48 119 104 144 120 111 108 134 33 139 87 129 92 97 83 61 132 145 73 98 10 112 116 89 65 118 45 40 57 8 64 39 20 37 25 47 141 95 49 137 32 19 70 114 17 136 24 15 51 94 59 100 115 0 68 85 53 96 44 143 122 27 41 1 135 11 52 50 69 110 90 55 46 82 72 147 121 142 31 126 67 7 117 63 14 9 66 62 36 148 29 35 99 58 149 22 93 42 124 56 26 86 23 75 78 133
37 31 108 20 145 96 114 47 22 38 17 72 121 129 13 26 128 30 48 81 35 21 103 122 111 65 90 3 0 144 44 116 66 64 50 40 115 139 77 60 76 101 127 62 55 67 94 118 136 131 39 19 23 135 32 119 91 99 146 87 25 148 126 82 97 73 100 143 75 124 51 133 107 70 34 2 113 141 123 29 84 52 41 132 98 88 46 110 18 7 63 104 147 12 4 5 92 112 42 85 89 9 54 93 28 106 24 11 69 27 6 59 140 10 43 56 53 109 36 80 138 15 117 14 83 61 102 86 79 105 137 68 125 57 49 120 130 95 149 45 71 8 33 134 1 58 142 16 78 74
112 6 63 86 0 2 67 125 113 124 73 143 149 40 24 94 89 129 14 69 141 88 87 48 109 142 22 68 51 53 54 9 111 128 116 44 62 85 101 135 80 65 33 78 13 30 139 5 110 148 10 58 122 138 144 136 118 37 137 96 36 76 11 140 20 50 7 59 70 3 102 127 39 133 77 75 17 99 28 107 130 134 56 42 49 72 100 46 91 108 97 121 147 4 81 45 25 84 29 19 126 82 120 12 145 26 52 103 60 23 34 64 27 61 47 71 1 79 18 32 21 41 131 115 95 106 119 35 8 114 90 43 74 92 38 57 117 31 132 98 83 146 15 93 123 66 16 55 104 105
17 24 4 119 27 43 92 32 6 65 26 104 134 123 148 130 94 25 106 37 23 121 135 114 68 113 38 29 141 138 98 12 78 22 42 63 111 118 128 99 59 144 44 47 143 132 30 109 73 55 16 124 1 19 51 21 142 3 34 97 61 7 88 83 136 52 120 45 5 14 11 89 103 39 66 101 28 20 107 87 126 31 82 10 122 70 54 90 75 140 139 146 117 64 35 0 77 80 62 2 49 76 33 131 13 125 110 50 69 67 91 71 57 41 93 85 100 115 36 8 53 15 102 95 56 48 40 133 127 18 60 58 112 137 46 79 116 74 145 96 81 149 147 129 86 105 72 9 108 84
136 105 13 54 7 59 73 24 17 115 94 68 77 32 127 46 114 48 132 76 51 83 106 99 70 20 86 8 22 11 109 28 138 43 131 89 111 42 120 57 41 25 146 5 92 64 23 37 1 123 96 52 40 55 38 47 101 98 134 85 9 142 21 139 29 126 3 16 128 58 97 10 30 12 100 91 33 53 61 119 79 117 78 149 102 39 88 118 45 81 90 121 141 95 34 113 147 103 14 0 60 125 26 116 50 56 67 35 15 49 130 137 27 122 19 104 75 140 31 36 6 124 4 71 135 62 148 44 72 108 129 65 107 84 143 2 144 93 74 69 145 82 110 63 66 133 80 87 18 112
42 78 20 83 41 111 137 102 147 75 17 67 35 29 47 15 146 7 5 140 18 136 24 98 85 118 105 16 38 92 125 79 10 36 21 135 123 25 143 106 115 39 88 100 31 77 4 142 127 110 3 73 44 86 91 45 48 51 76 87 65 43 99 144 6 9 117 103 56 131 82 97 60 114 68 40 132 139 109 14 71 80 124 126 64 74 33 19 27 96 46 13 70 2 121 141 94 55 116 112 133 52 95 72 23 81 134 61 90 57 49 66 8 93 122 148 32 50 128 149 129 145 108 58 62 130 101 119 12 59 69 37 63 11 34 113 84 26 30 1 28 104 22 138 120 89 107 54 53 0
64 115 145 84 45 100 98 22 38 128 65 54 134 13 133 1 9 127 109 6 86 52 7 75 51 138 102 132 8 85 46 99 139 97 135 55 131 27 112 111 143 137 79 123 95 60 94 83 26 93 105 114 92 66 0 140 106 24 91 4 68 88 110 70 77 116 36 136 17 48 3 119 73 101 108 149 62 32 28 71 18 20 147 53 59 34 144 78 58 41 107 49 69 42 81 72 21 40 37 87 76 129 33 12 39 141 89 19 67 142 16 15 146 10 2 125 104 11 44 56 5 43 29 30 50 126 14 117 35 74 61 120 25 47 63 31 96 113 122 130 148 80 124 23 57 103 121 118 82 90
77 15 35 85 64 129 90 36 80 17 104 25 40 5 146 91 39 50 88 117 100 47 74 111 73 79 69 61 92 45 84 14 8 99 98 120 78 9 31 143 116 4 56 48 19 11 0 44 142 132 22 130 26 37 52 18 134 106 72 86 82 58 70 123 7 24 76 107 62 144 75 3 112 105 28 135 27 20 148 41 12 59 68 101 66 118 126 60 136 115 38 83 30 125 43 137 94 149 51 42 29 147 141 54 138 97 87 23 108 71 55 63 65 109 124 57 140 133 1 34 139 67 53 96 6 2 13 33 102 114 49 145 81 89 32 95 10 121 119 21 113 103 93 110 127 16 122 46 131 128
122 132 79 121 102 16 113 124 62 74 20 9 125 65 85 44 53 25 10 87 6 114 136 140 18 45 14 82 88 101 144 68 2 19 134 28 146 34 60 115 22 1 103 139 43 35 75 89 119 130 117 80 142 120 61 33 135 133 32 86 47 39 59 21 111 104 138 118 72 5 116 147 55 26 108 73 71 51 95 137 38 129 58 76 112 0 54 141 7 50 23 12 106 57 67 37 90 93 84 127 91 145 94 52 11 100 96 149 109 3 78 126 105 92 69 83 4 77 63 97 27 41 31 64 17 131 128 98 49 99 29 15 66 110 13 107 24 46 48 36 56 30 42 81 8 148 40 70 123 143
47 69 30 3 11 26 32 66 33 72 48 42 19 1 27 49 14 65 67 17 51 68 70 5 34 37 10 74 12 40 28 64 16 71 21 35 4 25 38 20 0 13 73 22 62 2 56 7 15 61 31 59 55 46 57 23 58 50 36 53 24 63 44 54 6 29 9 52 41 8 45 39 18 43 60
8 73 44 36 38 69 11 24 62 10 66 65 27 39 0 71 2 37 49 13 60 64 30 55 1 5 43 41 18 52 67 19 23 50 35 4 14 63 33 72 53 68 26 31 12 47 20 57 45 61 42 70 56 7 46 54 22 28 3 29 74 59 51 58 6 9 17 32 40 15 16 21 48 25 34
61 34 40 65 25 55 64 51 41 37 17 63 19 7 21 2 20 23 13 30 36 31 42 3 57 6 67 60 54 56 62 15 5 0 50 14 53 70 26 38 16 29 10 48 59 9 66 11 8 22 49 73 46 27 33 72 71 28 44 24 58 35 47 12 4 43 18 52 69 32 45 39 74 1 68
30 45 71 12 67 66 52 70 16 55 43 33 11 22 24 47 50 32 6 18 19 73 51 8 57 56 23 7 68 34 61 39 74 31 41 37 17 3 15 21 36 40 25 10 5 9 2 65 62 72 29 13 27 28 4 49 69 35 42 64 38 58 63 1 0 60 46 20 48 14 59 53 54 44 26
37 69 12 18 4 23 42 73 22 43 51 46 28 19 55 57 39 6 27 11 63 60 41 38 59 1 48 7 74 14 33 36 31 67 13 58 20 34 65 0 53 61 45 30 8 25 9 21 29 47 35 44 52 68 49 24 66 26 3 72 17 40 5 10 2 15 64 16 62 32 50 54 56 70 71
56 60 20 40 26 1 64 58 37 0 57 13 17 4 14 50 74 53 34 47 7 44 51 67 6 16 43 12 29 28 68 49 66 42 21 18 25 52 32 33 10 23 36 30 24 69 41 72 61 46 45 39 54 59 65 11 70 27 73 63 19 2 55 71 22 9 15 5 35 48 8 62 31 38 3
62 9 4 51 45 47 12 25 34 59 7 16 41 33 46 20 2 65 66 31 69 70 3 42 73 37 30 54 56 13 53 21 40 74 17 50 1 55 57 72 35 43 71 27 52 0 19 26 8 28 6 48 39 22 15 14 18 36 11 60 61 68 24 38 5 32 67 23 49 58 44 10 64 63 29
17 26 18 41 24 38 30 58 3 63 40 35 14 8 67 20 21 65 42 31 5 47 74 55 60 44 37 33 0 7 27 29 50 57 13 51 12 46 53 48 36 61 43 19 9 66 34 25 70 23 1 11 32 71 72 2 49 56 54 59 16 15 64 69 52 45 10 28 68 62 6 73 4 39 22
8 25 68 27 18 37 43 58 38 24 2 11 29 65 31 16 13 34 10 28 45 40 54 14 61 67 23 3 33 56 12 21 60 17 55 71 9 5 50 4 22 36 62 66 73 51 26 52 0 72 64 47 1 53 48 20 39 35 42 70 49 44 15 32 46 63 41 57 19 74 69 6 59 7 30
45 6 66 67 31 3 13 40 53 62 63 5 72 9 14 64 4 24 2 30 29 15 7 48 34 61 23 42 52 11 32 27 74 69 46 59 71 44 49 36 33 57 22 8 18 20 43 55 19 70 28 10 41 56 47 17 0 26 12 38 65 58 37 54 1 16 35 73 39 25 51 21 60 68 50
68 27 35 22 6 47 39 41 12 65 55 71 37 21 25 49 67 66 53 42 8 30 20 31 0 16 2 54 60 32 34 63 61 48 62 33 43 59 17 45 36 4 28 38 19 26 40 23 5 74 56 64 18 7 72 52 50 24 70 10 15 46 58 14 11 51 44 9 1 29 69 13 73 57 3
35 4 23 24 60 67 47 51 64 68 65 69 16 48 1 33 41 32 54 63 13 12 29 8 38 6 52 9 62 22 40 2 72 3 10 15 19 61 18 20 43 31 21 14 59 50 66 28 34 73 53 37 55 30 44 71 17 42 57 7 70 11 39 36 74 58 25 0 5 27 26 49 45 56 46
30 3 71 56 67 51 2 40 28 35 48 62 18 70 9 31 55 5 54 24 15 12 21 42 50 46 26 27 0 53 32 17 43 20 64 4 8 1 38 11 60 61 37 33 44 66 6 14 72 49 69 23 59 41 74 22 65 7 10 34 25 58 47 45 36 73 39 13 57 68 63 16 29 19 52
17 40 41 21 28 15 36 68 16 35 24 3 0 19 29 65 31 44 37 9 7 64 5 62 74 8 59 30 72 73 18 71 23 51 11 55 34 48 60 61 32 42 58 56 70 49 52 10 12 22 67 63 39 57 33 26 53 54 69 25 4 47 45 2 66 38 46 43 6 1 50 14 27 20 13
12 30 22 39 59 57 58 71 37 73 34 67 2 26 24 46 10 61 8 49 27 72 60 51 44 68 41 6 5 53 32 0 47 17 70 13 54 42 31 55 21 36 66 38 28 29 43 62 14 74 11 69 56 45 65 19 48 1 15 63 16 50 23 35 9 25 20 18 7 33 52 3 64 40 4
51 72 6 12 62 23 7 58 32 20 35 4 10 9 22 19 74 50 5 56 46 25 26 17 2 1 59 70 18 60 14 31 54 57 39 8 0 55 69 68 33 43 21 44 34 48 15 65 67 38 41 36 73 66 49 37 53 16 13 27 71 24 29 47 40 3 52 11 28 64 45 63 61 42 30
16 71 67 1 57 21 53 55 74 0 28 4 18 49 43 65 42 47 34 39 37 73 9 29 63 31 7 27 44 61 58 51 69 12 13 56 11 26 68 72 70 3 54 2 25 17 66 30 60 40 14 50 10 5 33 41 64 32 36 15 35 46 24 48 22 59 19 62 20 52 38 8 45 6 23
35 42 7 57 73 30 59 24 56 19 65 23 8 12 68 71 34 70 55 61 25 45 33 51 54 64 38 2 32 40 67 15 10 28 27 13 9 72 69 18 62 21 4 63 16 36 17 39 49 22 66 20 29 6 37 50 0 46 58 5 1 31 48 60 53 3 52 41 44 14 11 43 47 26 74
28 1 24 6 34 19 5 62 63 68 15 42 53 44 41 58 47 48 50 55 66 18 37 29 16 46 4 23 17 12 30 26 40 7 14 71 10 64 0 45 25 38 33 60 59 65 72 9 27 11 2 54 67 56 61 3 73 20 35 22 43 21 8 49 39 69 13 57 31 51 70 74 36 52 32
14 68 57 13 53 70 64 58 15 42 18 54 44 26 11 38 59 69 1 30 3 73 40 19 23 60 27 4 56 24 2 46 45 65 67 29 52 25 9 72 17 35 51 62 10 31 43 0 5 74 63 61 7 6 21 16 34 41 66 8 22 50 55 32 49 47 12 36 37 20 39 48 33 28 71
47 60 72 16 27 51 71 19 57 25 24 45 34 36 46 63 49 22 53 62 17 30 18 73 50 21 44 48 5 3 33 66 68 65 14 37 15 41 7 64 23 8 55 59 56 52 11 26 42 69 29 70 32 39 9 74 58 54 0 12 43 1 35 13 40 20 4 61 10 31 28 2 6 38 67
23 49 67 28 33 24 47 70 63 25 56 12 37 6 61 32 17 50 74 20 68 48 41 5 72 18 36 15 21 22 13 10 71 3 19 42 53 27 64 44 65 29 66 58 4 46 0 38 31 73 52 60 11 55 2 8 54 39 30 26 51 16 45 9 43 69 57 59 14 40 34 7 62 1 35
0 9 25 71 61 73 34 49 47 52 42 20 17 72 19 51 58 3 32 30 37 18 65 53 50 64 56 54 62 23 7 35 14 31 11 66 60 6 63 1 22 10 8 38 29 46 16 36 26 68 4 43 44 27 57 12 40 70 21 15 2 45 24 59 13 55 41 48 33 69 28 74 67 39 5
26 29 31 69 61 35 25 44 0 38 59 20 16 39 18 28 70 46 17 22 23 65 12 42 50 66 68 73 55 63 58 32 14 34 21 5 8 30 43 13 3 36 40 4 9 56 2 51 33 37 60 64 10 11 52 57 7 67 62 45 48 49 72 71 1 47 19 54 27 53 41 24 6 15 74
0 32 45 22 48 56 53 63 52 10 20 40 58 17 34 62 2 8 30 25 5 36 46 37 13 4 70 11 61 65 64 47 14 74 54 18 67 69 59 1 23 49 55 60 9 3 12 31 33 44 26 24 28 38 29 19 39 71 41 35 6 51 73 7 43 50 66 72 16 27 68 57 21 15 42
54 23 4 3 56 8 59 65 70 67 69 50 19 60 73 26 17 72 22 14 38 28 47 62 29 71 40 58 41 9 16 68 20 25 64 13 11 36 37 6 7 15 44 30 45 66 52 32 63 5 27 18 10 21 74 51 31 33 0 42 12 61 55 2 48 39 57 34 43 49 1 35 53 46 24
2 67 66 69 34 0 57 52 22 61 28 53 32 25 24 29 19 45 50 13 40 63 18 70 8 65 3 30 4 21 46 56 23 62 1 7 71 41 42 43 39 59 35 36 54 16 44 37 20 49 38 26 64 73 74 9 47 11 33 15 6 60 68 5 17 51 58 48 27 55 10 12 14 72 31
10 34 23 8 55 50 57 21 40 12 38 3 27 71 26 31 53 61 45 39 24 11 25 43 1 74 9 6 60 4 59 51 66 35 19 28 68 65 0 44 20 70 63 64 73 67 36 72 18 32 42 41 13 52 47 49 22 62 58 2 7 56 14 69 46 17 5 48 16 33 15 54 29 37 30
16 68 6 23 44 25 66 2 49 46 73 7 56 72 30 18 42 5 62 51 48 35 54 29 32 1 43 34 70 33 50 59 27 60 26 19 15 21 14 22 64 47 65 9 61 69 41 8 12 37 4 55 31 39 57 24 13 11 53 3 74 36 38 17 45 67 28 20 0 71 52 10 40 58 63
44 0 57 48 5 54 22 30 29 35 53 49 12 41 31 9 21 42 58 47 37 7 39 10 69 52 27 14 34 19 64 13 28 65 20 43 26 6 50 4 55 18 56 8 33 25 2 67 61 51 32 71 46 17 38 60 74 40 3 68 24 1 59 70 11 62 16 45 73 72 36 66 15 23 63
19 32 22 35 15 26 33 9 40 17 24 41 29 34 13 44 71 54 70 2 53 27 69 23 59 67 55 20 31 38 8 43 45 61 62 66 50 0 46 49 4 63 64 48 68 28 11 60 73 74 57 37 7 30 51 21 10 72 58 5 14 47 36 42 12 65 39 18 3 56 25 6 16 1 52
51 23 10 45 22 28 57 66 9 41 43 34 19 6 65 42 14 64 59 62 21 11 12 0 27 8 58 36 60 50 13 16 20 29 18 69 72 25 30 46 48 47 5 38 61 24 2 63 49 55 68 44 54 1 15 37 26 67 35 53 73 7 33 74 32 70 39 52 17 31 71 3 4 56 40
49 22 45 3 9 27 72 71 33 31 65 39 48 42 52 10 50 30 34 63 29 13 20 54 23 32 16 44 64 14 61 2 0 11 28 38 66 69 26 67 35 43 58 25 51 18 12 8 36 21 73 17 24 74 4 68 1 46 47 56 5 19 59 6 57 60 53 15 70 7 41 40 55 37 62
5 38 1 73 4 16 11 6 55 30 53 25 49 9 56 45 70 8 26 29 2 74 0 31 67 48 23 34 28 40 36 69 7 44 17 35 37 32 18 24 57 27 14 15 3 42 61 47 65 46 72 39 41 22 60 62 19 10 66 63 51 20 33 58 52 59 12 43 64 68 50 71 13 21 54
32 10 66 39 25 55 46 23 63 53 36 57 51 17 56 67 69 73 59 21 19 28 15 4 2 54 16 31 42 13 5 26 62 9 61 72 74 30 14 29 71 44 64 52 60 34 38 12 47 8 3 7 22 43 37 58 1 27 24 68 49 48 41 11 20 35 0 45 33 40 6 65 70 50 18
25 54 24 37 29 5 63 48 42 45 44 28 65 12 53 4 60 50 15 39 6 1 14 23 56 20 13 22 62 66 32 41 57 0 67 52 36 19 71 11 74 69 35 10 38 58 61 16 7 68 73 31 64 46 2 43 51 34 27 72 21 8 40 9 3 17 59 26 30 18 33 55 49 47 70
38 24 55 23 7 1 39 62 66 20 28 42 19 16 47 45 64 26 58 11 25 14 48 37 31 56 41 46 60 50 74 68 44 22 13 27 57 70 3 18 29 54 4 63 34 36 6 0 9 49 32 33 17 10 53 15 51 43 72 40 12 52 71 8 30 67 73 21 59 65 5 35 61 69 2
56 15 50 68 47 12 55 30 62 14 33 54 73 45 16 9 22 44 74 38 65 70 10 60 18 66 39 4 5 53 37 6 57 35 41 48 36 7 63 19 32 23 64 21 59 29 8 34 20 71 49 31 43 42 52 67 27 46 61 1 0 26 24 58 2 3 28 17 40 11 25 51 13 69 72
11 68 8 25 43 12 45 32 22 64 63 17 66 36 37 20 28 72 3 74 15 49 31 44 38 1 47 33 52 2 41 6 69 48 21 58 24 4 67 51 27 59 40 54 39 30 57 56 9 50 5 62 7 60 65 23 71 73 13 14 26 61 18 16 0 55 34 29 70 35 46 19 42 10 53
7 11 36 50 63 55 30 0 6 54 64 3 62 10 12 45 68 67 34 69 44 51 8 19 32 47 37 9 27 56 59 14 65 71 57 66 22 2 15 35 72 43 29 5 26 60 61 21 39 41 58 31 23 74 13 52 1 49 48 16 73 18 25 40 53 24 70 42 46 17 28 4 38 20 33
16 14 6 18 47 48 43 31 70 33 26 28 50 74 9 22 53 7 41 10 4 63 0 32 34 46 64 2 23 71 59 45 69 44 36 5 30 27 60 3 68 21 1 72 51 19 57 62 24 13 65 29 58 20 55 11 37 61 73 17 49 40 25 54 52 8 12 42 38 56 66 67 39 15 35
59 22 8 1 67 5 27 62 13 11 71 7 54 38 33 25 74 29 31 0 47 18 44 21 12 60 48 39 28 52 9 49 58 57 23 61 34 46 32 15 45 64 6 43 51 42 66 17 4 20 36 73 41 65 26 40 19 53 72 30 69 16 37 63 2 35 50 68 56 3 14 70 10 24 55
16 47 34 3 13 49 73 51 8 43 23 14 27 31 69 58 65 26 61 32 2 39 45 10 25 38 72 74 53 40 44 6 17 28 54 55 7 1 63 50 70 35 22 56 24 29 60 59 15 18 67 9 37 11 0 71 48 46 33 4 12 30 52 64 20 66 41 19 42 68 21 62 57 5 36
14 4 48 38 22 28 51 27 2 29 6 68 66 54 74 39 63 40 18 61 67 56 32 70 30 0 20 26 46 53 55 64 19 8 23 36 59 17 1 33 9 24 57 11 37 65 25 69 13 41 44 5 62 60 43 73 52 10 71 31 58 15 3 45 21 50 35 7 47 49 34 42 72 16 12
5 43 60 8 20 3 33 45 28 35 1 42 58 29 2 10 38 12 55 41 54 37 73 48 30 16 63 25 13 0 6 52 34 61 19 27 36 65 74 7 23 49 64 71 66 47 32 4 14 46 44 31 24 15 9 39 70 67 53 56 69 62 68 26 18 50 40 72 51 22 17 57 11 21 59
18 0 66 65 3 58 12 54 68 21 26 31 70 15 69 5 10 44 13 67 51 53 28 71 11 7 22 41 17 25 4 9 56 72 32 59 2 8 50 55 42 37 47 73 38 29 35 46 57 1 34 45 40 39 24 16 33 36 61 6 48 64 27 14 43 62 49 20 63 19 60 30 74 23 52
43 33 16 19 68 35 46 2 60 37 1 44 24 56 11 25 30 64 8 51 48 28 58 63 36 42 72 5 18 14 65 61 9 32 59 38 7 23 10 22 49 52 26 50 3 71 6 21 15 0 53 69 12 45 74 40 13 47 27 41 31 73 17 70 4 34 57 67 39 55 62 54 29 20 66
67 0 4 40 21 69 52 29 7 20 45 31 60 54 6 1 37 14 30 48 63 51 53 36 56 19 64 50 41 39 22 70 65 16 46 49 68 8 38 44 32 28 35 57 2 3 71 13 10 26 66 62 43 9 61 55 23 42 5 15 17 47 72 25 58 59 33 18 24 74 27 12 73 11 34
38 61 70 46 71 19 49 53 22 66 15 27 11 0 13 35 36 56 33 55 48 63 40 24 41 23 44 16 39 28 62 68 64 20 57 37 73 9 60 17 52 31 6 74 10 25 65 14 1 18 8 45 3 4 21 50 2 29 72 32 26 47 30 54 58 5 69 51 59 67 42 12 7 43 34
71 5 47 9 8 27 68 60 40 23 55 48 28 17 25 13 16 42 49 18 26 69 1 56 6 38 73 44 36 19 29 51 72 14 4 31 52 63 43 61 34 74 30 53 0 15 22 2 32 57 41 37 21 45 70 62 66 67 59 20 11 46 58 65 12 39 7 54 64 50 33 35 10 3 24
56 13 59 64 18 46 66 58 7 33 8 51 30 16 40 5 70 9 21 35 3 32 52 53 23 20 29 63 74 43 68 6 42 27 36 44 57 72 4 22 12 67 60 2 61 55 38 49 19 45 25 65 47 39 34 26 62 15 73 31 14 71 17 48 0 28 69 1 50 41 11 37 54 24 10
20 28 29 27 44 43 56 55 61 64 9 24 53 73 16 45 52 26 19 63 70 11 34 5 13 58 51 37 71 12 10 40 15 42 35 50 48 66 3 39 14 68 38 8 32 4 54 23 47 49 41 74 1 46 36 72 57 69 62 65 33 7 2 0 67 60 22 31 18 59 6 21 25 17 30
59 43 39 65 12 48 57 15 62 69 49 71 35 8 19 36 33 29 26 68 52 64 66 58 45 21 74 53 6 41 5 37 51 23 1 20 13 73 67 0 25 50 34 18 11 40 16 22 46 54 24 47 14 63 31 9 72 61 55 3 44 32 2 28 56 70 38 30 10 7 4 42 17 60 27
59 48 17 36 21 9 47 10 33 42 49 40 55 44 18 32 68 20 27 31 50 26 12 56 0 2 7 24 19 23 37 45 51 39 13 22 35 14 72 41 58 74 11 25 53 28 64 34 4 70 62 46 60 71 54 57 66 8 3 61 38 65 67 29 73 43 6 30 52 1 5 69 16 15 63
8 32 74 67 11 66 72 7 26 52 41 46 50 0 29 13 6 65 4 73 64 43 44 36 14 54 35 12 60 37 30 25 20 71 17 38 16 70 51 18 19 27 31 68 28 62 9 42 39 56 47 15 5 34 63 33 2 53 10 59 58 1 3 22 40 23 69 48 57 55 61 45 21 24 49
7 38 35 34 46 62 36 17 42 55 44 66 54 47 16 31 68 64 49 6 70 1 19 18 51 32 53 63 9 58 50 30 73 22 10 61 4 71 74 48 12 29 24 41 57 14 25 67 15 59 2 39 20 23 65 28 21 37 33 69 56 27 45 52 60 3 13 11 72 8 43 0 5 40 26
9 12 39 11 62 63 53 8 10 48 58 36 23 64 16 70 40 18 71 0 4 34 54 3 72 67 28 26 43 29 50 6 60 35 66 5 19 42 37 51 38 46 74 61 56 68 24 65 15 1 14 44 45 20 52 73 25 13 49 2 41 69 30 27 55 33 7 31 47 22 59 32 57 17 21
6 40 31 35 32 52 12 15 13 55 68 70 65 48 25 53 72 62 30 1 4 27 38 54 59 21 74 0 18 10 37 61 60 9 7 73 8 44 14 28 36 17 39 43 66 33 47 2 29 34 63 71 22 20 56 50 57 46 51 16 45 19 64 26 24 3 23 11 5 58 42 49 41 69 67
24 43 33 45 6 41 25 35 19 5 72 14 17 31 18 13 4 59 58 30 60 55 2 44 46 54 10 48 62 37 66 3 29 49 71 11 8 26 39 63 73 27 51 38 52 9 64 0 57 40 68 16 42 22 69 32 23 56 12 21 15 36 67 61 65 50 20 53 28 34 47 1 7 70 74
52 38 61 49 3 42 21 11 59 33 28 73 8 20 44 1 41 53 67 54 2 27 35 63 40 57 62 60 32 12 71 17 31 18 9 56 55 19 34 58 30 68 70 6 13 48 74 51 64 0 37 66 14 7 25 36 45 15 22 5 72 46 43 50 47 29 16 4 26 69 39 24 23 10 65
15 70 26 2 49 51 69 55 52 63 25 42 66 32 50 12 7 28 8 19 74 56 11 40 17 20 64 5 13 57 34 68 71 44 4 30 73 46 67 53 36 23 48 3 59 39 60 16 41 35 14 61 62 37 9 47 24 54 43 58 1 0 65 31 10 45 18 29 21 22 6 38 27 72 33
46 32 52 27 57 50 21 55 16 8 65 31 2 11 37 39 60 14 62 64 38 51 36 43 29 71 66 47 3 5 34 23 7 68 19 61 1 54 4 9 25 6 67 10 53 28 49 12 42 13 41 44 26 33 63 72 24 45 17 22 73 48 20 30 69 58 35 56 59 70 0 40 18 74 15
35 8 18 1 64 7 28 31 55 41 29 61 59 32 30 72 22 68 49 24 63 39 9 17 6 15 57 23 53 4 33 70 34 37 13 46 60 66 52 73 5 12 58 3 51 26 65 36 44 25 19 74 0 20 71 2 45 14 67 10 50 40 16 48 47 54 11 42 56 38 43 21 62 69 27
48 8 29 9 42 27 12 66 34 38 63 33 6 21 44 73 15 64 28 20 52 4 65 32 7 49 67 54 17 53 37 31 11 57 39 24 45 55 16 60 61 40 25 5 51 69 18 30 22 59 71 70 0 46 26 35 1 36 41 50 10 62 14 43 68 2 23 13 19 74 47 72 58 3 56
48 62 67 10 38 40 54 66 49 45 6 14 52 70 8 12 59 19 13 32 7 33 3 61 64 44 2 34 22 27 56 31 16 50 15 29 1 30 0 4 39 9 23 73 53 57 35 20 42 26 69 37 58 55 47 25 41 72 51 17 46 36 43 74 18 28 5 63 65 71 60 21 11 68 24
25 7 37 61 41 66 22 51 30 57 16 59 4 38 62 20 15 36 70 35 40 52 58 64 8 50 67 68 0 53 56 33 17 69 39 31 49 2 11 73 47 43 34 72 26 21 5 45 24 71 63 1 6 42 27 44 19 32 74 48 3 23 14 60 65 46 29 18 54 10 12 28 13 55 9
68 46 71 55 49 47 23 67 11 10 31 15 1 64 65 24 43 6 3 32 61 42 4 35 60 2 44 25 74 29 21 58 72 27 50 5 62 20 59 16 26 45 39 12 48 14 69 30 8 22 9 33 54 56 0 36 53 7 38 19 41 70 57 13 34 37 66 63 40 17 28 73 18 52 51
59 54 31 13 32 37 48 56 53 60 35 65 24 25 46 72 7 23 64 39 17 52 63 6 12 38 71 29 30 28 26 74 62 51 4 45 15 27 21 41 5 66 50 67 18 73 69 14 43 34 68 36 0 49 16 61 11 2 9 20 58 70 44 40 10 8 22 19 57 42 55 1 47 33 3
74 18 59 32 1 69 45 11 12 24 47 35 34 67 30 29 8 56 65 50 52 64 16 4 43 15 21 9 57 36 60 73 33 44 5 71 25 31 27 51 62 14 40 28 53 6 55 19 23 17 37 3 26 41 2 38 48 72 42 54 13 70 68 0 10 39 63 7 20 46 22 61 58 49 66
73 50 53 15 36 8 42 2 74 43 46 37 44 26 3 71 61 4 25 0 49 35 52 9 39 64 1 20 45 24 34 66 7 21 55 29 40 30 28 68 13 60 59 48 63 27 41 11 22 23 31 5 58 33 70 6 67 18 54 14 38 47 72 17 57 62 10 12 32 16 69 56 51 65 19
49 29 9 54 23 50 26 57 72 7 70 36 1 13 32 19 8 0 59 60 12 41 73 2 21 37 5 63 67 33 6 53 11 68 65 25 38 69 58 61 14 64 71 31 18 17 35 10 47 56 43 55 45 4 51 30 24 40 42 20 27 46 62 3 34 16 74 28 44 15 39 48 66 22 52
17 56 23 28 70 54 67 15 47 30 32 44 60 55 14 16 4 65 8 19 1 5 43 33 53 59 0 52 18 45 72 20 3 42 2 37 11 68 35 39 66 21 62 63 48 29 12 22 38 46 64 69 41 73 36 49 9 27 50 6 51 10 26 71 74 34 40 57 7 25 13 61 24 58 31
27 51 25 32 16 17 72 68 53 61 22 71 36 35 37 31 69 0 24 63 57 74 15 21 28 2 59 52 39 30 38 7 29 47 64 11 49 55 26 5 46 33 19 20 43 4 67 44 50 40 13 6 54 14 8 48 73 23 18 60 1 62 66 70 41 42 9 58 56 10 34 45 12 65 3
54 41 50 38 69 44 31 5 16 64 23 30 59 6 62 56 36 10 29 55 51 1 73 18 48 61 74 11 52 20 53 0 70 33 8 24 49 42 32 47 4 26 12 60 58 68 3 2 71 27 19 43 17 72 40 35 34 22 37 15 13 7 63 67 9 25 39 14 28 46 21 66 57 45 65
29 6 54 0 28 23 5 34 30 43 45 24 3 38 73 14 12 31 42 7 62 50 9 36 71 25 46 20 66 1 8 27 39 37 2 32 60 18 64 44 19 13 53 61 55 65 74 16 4 70 17 41 56 35 59 26 40 33 48 21 49 51 63 69 11 10 52 67 72 47 68 15 58 22 57
51 1 50 55 70 46 37 36 64 11 45 49 14 41 56 3 31 63 30 33 5 54 42 13 10 59 21 47 7 68 39 53 40 43 28 72 16 19 20 74 29 69 52 35 58 6 62 12 26 73 22 4 17 15 38 65 18 23 60 44 67 2 71 34 61 25 24 32 48 8 57 0 9 66 27
69 41 38 59 46 52 10 72 57 31 40 5 39 34 27 24 65 20 66 73 54 18 35 4 17 12 0 64 6 8 58 67 37 68 9 33 51 22 19 28 2 45 7 44 55 16 36 32 70 30 13 29 62 47 53 74 50 15 11 43 14 63 60 21 61 1 71 49 3 48 25 42 23 56 26
35 42 60 74 3 27 53 65 8 36 67 46 17 15 24 37 69 63 16 33 72 57 56 58 9 18 32 68 47 7 48 73 64 49 14 23 43 22 59 12 26 51 28 19 25 45 11 55 66 4 21 5 39 70 54 38 29 10 6 52 2 61 41 31 71 50 30 40 20 13 62 44 34 0 1
2 21 14 29 52 45 27 62 17 30 68 54 6 60 51 4 70 5 67 72 0 32 65 40 11 69 56 36 71 25 31 10 49 74 18 15 1 61 20 73 43 13 50 9 7 58 59 47 26 12 66 39 24 38 23 64 48 34 19 41 55 44 37 33 53 35 3 57 16 8 63 46 28 42 22
26 23 57 72 36 52 28 64 2 42 50 8 24 73 14 67 48 38 33 45 63 35 70 47 49 25 37 17 22 19 53 68 31 9 40 3 11 65 5 30 62 29 43 39 51 44 32 18 10 41 1 61 12 0 58 27 66 13 15 54 71 60 74 21 7 46 59 16 56 4 6 20 69 34 55
40 23 73 25 38 54 55 12 29 37 64 1 66 6 32 18 8 3 63 24 48 10 45 53 39 30 67 11 57 16 9 46 59 19 70 74 72 60 2 13 21 15 4 22 58 56 14 5 28 36 33 52 20 42 26 49 34 27 41 68 61 31 0 71 50 47 51 44 69 62 43 35 65 17 7
14 6 0 51 71 48 15 25 52 22 54 7 66 31 57 61 10 37 19 44 36 5 11 39 55 63 2 49 65 20 41 38 73 47 68 28 16 56 69 46 60 1 8 13 24 30 40 3 42 34 26 32 43 70 45 27 58 53 35 4 9 23 29 62 74 12 18 50 72 59 17 21 33 67 64
53 45 31 4 48 23 25 11 16 37 59 19 44 67 74 69 13 18 21 65 43 33 28 73 2 58 24 17 70 35 49 63 26 57 3 15 34 0 42 5 36 50 54 29 66 40 20 72 68 27 9 47 8 41 6 51 56 30 71 38 22 7 32 46 52 55 1 10 12 60 39 14 62 61 64
72 71 48 52 35 1 60 49 73 69 6 53 67 38 33 68 74 34 57 2 16 8 24 27 41 50 3 7 45 28 22 5 10 58 23 31 62 14 20 17 13 0 19 39 11 12 65 29 51 70 32 9 36 66 63 21 42 44 56 61 15 54 26 25 40 37 59 43 18 55 64 30 4 46 47
64 44 37 68 40 28 6 43 15 51 27 25 60 11 66 30 46 34 55 12 54 38 29 8 56 35 2 4 41 47 31 61 53 50 16 9 36 5 24 63 22 45 10 14 23 73 42 19 39 52 3 32 18 21 65 26 67 59 7 62 17 69 13 74 57 58 72 33 70 0 71 49 20 1 48
41 30 29 20 62 65 13 23 61 40 36 33 46 52 67 14 48 59 18 54 63 42 56 45 28 43 68 74 26 8 69 64 71 24 3 50 16 47 25 6 70 35 66 10 34 5 53 37 60 4 73 39 17 11 51 57 19 38 27 44 72 21 22 2 31 0 1 9 58 7 15 12 32 55 49
37 34 43 45 59 4 18 2 60 19 47 20 15 55 53 22 65 11 23 62 14 66 73 13 30 74 69 38 28 27 7 64 42 8 26 29 3 25 41 67 48 1 10 6 57 21 68 72 50 24 61 70 9 44 17 40 35 32 63 58 71 52 36 5 51 46 33 12 56 0 31 16 39 49 54
13 27 6 23 10 54 65 68 43 46 49 41 35 60 18 33 64 26 74 66 12 47 48 20 52 61 55 42 19 53 73 62 71 39 28 44 56 15 5 24 3 58 14 40 67 0 50 72 11 70 63 37 16 17 9 32 36 45 31 4 69 7 29 34 2 8 22 30 57 51 1 59 25 38 21
28 2 6 40 13 71 73 32 35 29 64 4 37 63 22 48 43 56 47 31 55 36 23 42 15 49 57 53 11 52 74 24 72 67 5 69 25 51 18 34 33 66 0 12 70 17 45 65 7 44 21 1 68 30 3 54 26 38 20 59 41 27 50 60 8 16 19 39 14 9 62 10 61 58 46
50 5 31 6 44 42 13 53 28 61 55 25 47 54 71 59 46 45 37 73 12 66 3 62 4 48 10 7 0 69 34 32 14 35 18 1 19 64 22 43 36 65 52 67 33 9 16 60 41 8 72 2 11 57 27 15 24 38 58 23 26 30 20 70 39 49 21 29 63 56 40 68 74 51 17
28 60 53 73 22 63 25 10 34 31 68 26 61 36 12 2 65 8 57 16 72 29 54 3 52 45 15 46 42 70 67 49 41 69 58 62 66 14 59 39 50 47 0 74 30 48 18 27 33 32 13 19 64 23 7 43 17 1 44 9 21 6 4 35 55 20 11 24 56 5 51 71 38 40 37
44 34 55 23 25 46 50 60 15 69 40 2 56 24 48 3 58 57 35 17 67 29 68 43 20 65 5 22 71 10 11 53 31 66 45 7 72 62 54 47 13 37 63 39 52 42 21 12 38 32 4 1 51 8 6 28 16 33 41 18 49 61 70 59 36 27 26 73 74 14 30 0 64 9 19
15 49 67 51 64 53 34 52 57 18 23 0 33 73 58 54 32 72 27 40 6 7 17 26 42 68 12 21 44 28 48 43 9 13 1 66 74 10 69 29 63 31 4 16 60 19 20 47 35 61 30 3 2 37 5 22 14 36 25 41 45 50 70 55 39 59 11 65 38 62 46 71 24 8 56
38 36 23 59 18 60 42 69 3 37 7 53 15 46 10 67 16 12 56 22 8 50 32 28 65 29 52 71 48 45 26 41 55 14 25 11 39 73 24 1 70 57 30 27 20 44 9 51 35 21 0 4 31 61 40 62 2 47 63 13 58 68 5 6 66 34 19 64 33 43 49 74 17 72 54
37 15 8 12 50 18 67 64 23 31 19 39 24 42 72 49 14 60 29 6 35 56 57 52 65 0 27 58 26 43 3 7 54 69 59 17 11 38 2 41 13 45 53 63 4 32 16 48 28 30 10 68 5 22 47 33 62 44 20 1 40 21 46 34 25 9 71 51 70 61 66 36 55 73 74
26 23 63 0 56 46 48 4 30 47 19 24 10 54 65 71 39 17 12 20 66 70 37 41 72 60 7 34 28 1 49 35 21 59 67 29 61 52 15 31 64 25 38 73 55 53 57 3 36 11 62 2 6 68 14 8 42 33 5 50 44 74 27 32 22 69 16 45 58 9 43 13 18 51 40
25 28 14 47 51 56 68 7 13 74 34 61 60 72 21 36 32 63 55 4 46 19 18 52 43 40 73 54 24 27 26 57 8 33 2 15 29 10 16 44 65 38 22 1 35 64 45 0 9 71 41 48 58 5 20 70 50 6 42 66 31 11 12 69 37 67 17 3 62 53 23 59 30 49 39
67 30 64 46 5 19 18 39 48 8 42 53 56 12 65 52 28 22 63 21 37 70 7 15 43 26 47 23 6 17 50 29 45 27 11 4 68 51 69 25 57 13 35 31 59 33 3 10 32 20 72 66 9 73 14 34 49 44 55 40 71 2 0 1 24 54 38 36 61 41 74 60 62 58 16
29 63 7 22 64 33 16 20 25 71 70 30 68 69 26 2 32 47 38 46 35 21 54 66 57 3 12 52 58 31 59 49 39 48 41 19 51 65 8 34 44 56 40 24 27 62 4 17 61 18 43 73 14 9 5 67 10 53 37 45 13 72 15 42 1 28 0 36 23 55 74 6 11 50 60
60 9 73 19 29 12 15 51 50 59 1 72 11 68 4 35 10 61 64 37 22 18 31 23 24 44 17 48 56 13 2 57 21 65 69 34 3 42 66 6 52 7 8 70 40 32 58 14 20 33 47 38 63 49 53 16 55 74 39 27 41 28 0 46 26 25 67 62 43 54 36 45 5 71 30
28 65 0 12 50 11 22 52 66 19 44 51 37 23 70 27 5 55 39 64 57 72 54 31 32 7 42 4 36 63 56 46 73 29 14 18 38 61 49 9 10 20 43 17 2 1 48 24 67 33 60 59 16 13 68 35 74 26 58 53 8 21 45 41 34 47 3 71 25 15 30 69 6 62 40
38 22 2 64 54 14 44 58 15 17 3 67 5 73 30 0 45 48 56 9 63 39 53 1 74 60 26 23 29 40 24 72 47 21 37 42 36 61 62 65 41 70 27 6 57 33 35 34 4 31 28 59 13 66 51 11 32 43 71 16 10 68 18 7 8 46 50 20 19 55 69 25 12 49 52
15 5 14 48 58 18 16 59 25 38 68 56 49 63 22 60 0 7 30 19 61 10 9 45 32 44 1 50 51 65 40 28 17 29 4 33 24 3 37 66 2 21 46 36 31 20 35 72 26 62 12 57 8 53 67 41 11 74 27 43 69 73 54 42 47 39 34 55 64 23 13 6 71 52 70
10 41 5 22 23 63 19 28 40 74 60 71 6 16 20 45 58 30 27 59 8 21 13 34 51 69 68 12 9 32 47 37 52 15 70 46 24 29 72 14 36 42 48 65 26 2 73 43 55 39 50 1 11 4 56 54 25 38 17 35 61 67 49 33 57 64 44 18 7 31 66 0 53 3 62
14 26 24 58 4 65 54 32 70 49 53 8 16 23 6 55 35 5 30 67 27 61 20 44 9 66 45 19 11 41 52 63 60 15 36 34 25 48 42 43 69 72 46 47 68 0 50 7 10 71 33 74 59 21 51 1 28 12 17 2 40 56 57 39 22 73 29 62 64 31 37 13 38 3 18
60 32 63 37 54 16 58 31 70 20 28 62 64 30 6 51 34 10 44 5 11 22 65 0 38 12 57 35 67 25 55 18 29 36 4 17 48 27 41 68 71 26 56 15 66 40 49 45 61 13 72 73 1 7 42 43 9 50 47 19 59 33 52 24 46 69 74 3 39 23 21 8 2 53 14
25 6 35 21 23 0 3 46 28 34 47 51 54 16 17 14 4 8 69 57 13 11 10 2 66 7 74 68 59 27 26 50 71 73 37 48 5 30 29 19 15 42 53 52 31 58 22 60 65 20 61 18 72 1 67 56 55 12 70 64 40 9 45 33 32 63 49 44 41 38 36 62 39 24 43
49 64 40 9 45 30 11 38 12 35 7 68 17 32 72 46 5 8 70 67 37 69 53 65 54 29 27 61 59 71 42 19 4 28 18 1 50 41 22 31 47 14 20 0 62 48 56 66 39 15 58 24 74 34 55 52 36 21 23 51 44 16 63 13 6 33 73 26 25 57 60 43 3 2 10
3 74 34 69 12 49 22 0 29 5 35 72 58 18 1 63 23 39 68 11 48 54 32 40 38 57 56 66 8 44 9 61 64 46 2 17 26 20 73 60 71 25 67 31 50 42 70 21 65 14 62 30 6 13 55 10 33 43 41 47 45 7 37 15 52 59 51 53 24 16 19 28 4 27 36
19 36 38 60 39 72 68 21 0 2 54 8 58 17 15 30 49 69 50 47 65 10 66 26 33 46 53 27 59 70 48 44 3 73 55 4 11 32 25 23 37 1 9 24 12 71 34 62 57 40 67 29 35 56 42 20 51 64 16 28 43 63 5 13 61 14 18 31 52 22 45 41 7 6 74
31 37 14 1 57 7 41 44 59 27 8 40 46 51 12 68 43 69 53 48 36 30 49 65 9 70 23 24 72 11 47 33 22 54 62 4 66 74 26 73 19 50 0 63 52 17 38 34 32 39 60 15 58 5 45 42 21 18 3 56 13 35 29 16 55 6 67 61 64 20 28 10 71 2 25
11 53 33 66 24 50 48 10 31 60 47 61 55 3 32 72 25 35 62 42 28 16 37 14 65 71 29 45 63 7 54 18 9 74 39 70 68 6 1 38 46 12 44 23 56 22 58 8 19 30 73 5 15 21 13 2 43 34 49 64 57 0 51 4 36 20 52 41 67 17 26 59 27 40 69
10 16 8 60 33 73 49 6 58 27 4 50 7 67 63 61 20 18 31 41 72 34 52 12 9 70 69 22 44 36 28 2 11 55 57 71 1 35 38 17 56 66 46 24 21 74 25 32 30 68 39 43 5 51 62 64 29 14 47 3 54 40 0 59 65 53 45 23 37 13 48 19 15 42 26
9 47 7 30 48 33 68 24 29 38 31 11 40 5 8 70 16 0 52 12 2 60 71 56 36 44 66 25 22 46 72 15 43 28 35 50 27 3 73 49 67 57 10 14 23 53 32 61 21 39 42 54 1 26 59 51 34 69 64 20 65 63 6 58 4 55 19 37 62 13 74 41 18 45 17
14 24 4 49 46 66 8 10 25 53 20 39 3 48 42 5 72 41 62 54 57 28 29 59 0 13 71 22 35 9 12 60 58 68 64 69 44 40 18 70 31 11 16 23 26 74 67 50 15 56 63 52 34 17 32 65 47 33 1 38 43 51 27 21 45 55 7 2 30 61 36 19 6 73 37
16 28 61 18 4 67 21 32 36 68 47 19 27 49 42 63 33 44 45 38 51 9 74 70 55 7 10 26 37 20 66 3 17 48 40 34 25 30 0 52 14 53 56 1 11 71 60 43 12 6 62 2 8 58 54 24 41 15 59 65 22 69 13 31 5 50 73 35 39 29 46 23 64 72 57
2 54 30 0 59 41 7 62 18 33 6 32 61 3 47 16 20 58 67 10 22 51 13 37 72 39 52 40 60 1 68 38 21 23 43 74 46 48 4 69 36 70 55 34 9 65 8 5 44 28 27 25 17 66 35 73 63 57 11 14 56 71 45 15 29 50 49 19 64 53 42 26 31 12 24
61 54 72 73 20 22 51 35 23 32 11 9 18 14 57 49 42 12 8 48 34 5 39 4 70 3 16 46 58 38 71 7 0 1 10 41 28 44 74 6 60 52 55 26 27 33 53 66 65 25 45 24 2 68 21 13 40 36 31 63 69 30 15 64 59 56 47 19 62 17 37 43 50 29 67
64 39 32 48 74 17 70 47 5 51 13 56 31 62 15 37 36 9 69 7 40 73 50 11 24 34 26 30 46 57 66 61 25 33 63 8 0 14 41 6 68 19 22 10 3 72 71 35 16 54 59 27 53 18 38 58 52 21 23 44 2 60 1 55 42 4 20 65 45 43 12 67 49 28 29
58 42 25 55 7 33 34 35 17 19 11 71 20 69 13 70 64 1 2 23 40 60 48 51 47 38 22 41 24 61 12 37 74 66 28 31 56 67 68 15 4 14 3 9 27 57 10 65 50 43 0 36 21 54 16 72 6 39 29 62 59 30 45 5 26 52 18 44 73 8 63 46 49 32 53
9 14 44 34 33 20 7 32 2 43 5 45 24 66 10 40 69 41 36 47 16 8 29 31 63 48 50 59 54 17 46 68 35 62 72 4 22 61 39 64 19 53 60 67 70 28 65 6 56 15 26 37 51 74 11 0 12 13 52 18 42 1 58 38 3 57 71 25 30 49 23 21 27 55 73
69 50 65 70 25 26 5 39 16 44 62 42 53 21 4 60 35 66 71 72 48 37 18 11 7 52 33 55 32 63 59 8 56 68 41 24 57 3 46 64 13 73 23 20 2 49 6 15 36 27 22 30 17 67 47 38 74 28 19 54 45 31 43 0 61 29 34 58 10 1 51 9 40 12 14
29 52 26 18 1 15 71 54 34 59 10 19 61 5 74 0 33 43 39 66 70 44 37 7 50 32 3 60 62 48 45 22 35 40 8 47 16 51 11 41 12 6 24 53 49 63 2 64 65 56 21 23 36 13 30 25 72 55 68 28 67 58 20 27 17 42 57 69 4 9 46 14 31 38 73
1 68 55 56 21 11 63 74 30 43 28 59 26 51 17 20 3 18 65 10 8 34 49 32 48 24 2 5 45 50 69 72 38 71 31 0 64 36 25 16 54 41 22 57 37 40 67 23 4 6 73 42 53 39 44 13 61 14 27 46 70 47 12 15 66 29 62 60 33 52 9 58 35 19 7
20 55 48 16 69 59 50 12 13 9 64 44 58 42 74 56 7 46 49 29 36 34 10 26 31 53 70 0 67 39 15 45 18 65 52 38 33 57 28 1 27 30 73 72 2 8 68 3 62 23 5 60 35 54 4 41 37 14 25 61 40 47 71 51 63 21 17 24 11 32 6 43 19 22 66
10 33 12 55 53 49 54 15 3 57 16 73 43 29 6 19 63 56 71 50 64 5 20 48 37 39 32 47 21 11 52 45 26 62 46 74 18 30 72 7 38 41 23 13 28 22 68 14 1 24 44 35 34 61 66 60 58 9 67 65 51 27 70 31 0 4 36 59 17 69 25 2 8 42 40
56 63 22 51 13 18 4 66 45 32 14 69 39 54 71 57 48 29 67 20 59 60 10 73 0 33 58 2 34 44 50 11 30 15 17 72 61 1 55 26 74 49 6 23 36 42 38 3 64 47 9 12 46 31 40 43 5 70 8 16 27 52 65 19 7 21 28 25 24 62 37 35 41 68 53
16 48 60 50 25 23 74 36 45 72 38 2 9 0 58 27 22 37 34 18 56 17 26 68 67 13 39 61 5 64 63 43 66 19 35 51 53 11 31 14 1 7 10 55 15 3 12 20 69 40 28 46 47 42 71 73 44 62 30 33 57 65 52 54 70 6 4 49 41 32 59 8 21 29 24
67 46 34 18 66 44 27 62 22 39 9 68 32 28 0 48 63 53 7 38 14 4 11 45 61 49 69 10 55 59 58 40 52 12 50 37 25 74 16 29 8 73 51 5 13 23 57 60 3 31 41 21 1 72 70 64 56 43 36 47 24 35 26 71 17 65 33 42 2 54 20 30 6 19 15
2 61 49 58 30 66 0 50 68 23 42 3 27 64 9 24 37 74 13 48 7 40 35 46 26 73 31 51 14 34 11 39 56 25 54 44 70 28 63 36 19 62 69 32 5 12 16 18 71 1 43 55 65 15 20 59 38 8 67 60 52 33 53 72 10 47 57 21 4 41 6 29 45 17 22
16 29 20 51 64 33 48 59 28 53 7 65 19 26 49 71 25 2 21 0 8 74 17 58 67 30 72 4 10 56 22 70 3 23 69 13 38 5 73 45 62 9 31 60 42 66 54 43 52 12 50 55 44 35 39 40 34 46 63 41 37 47 57 36 14 11 24 18 68 27 61 1 6 15 32
9 14 58 22 23 15 56 16 74 53 45 52 70 7 65 37 19 24 63 49 46 57 25 71 17 21 69 48 35 62 5 44 11 60 55 33 47 67 3 72 73 28 34 43 39 51 0 10 18 29 32 13 66 64 20 6 30 54 50 42 61 8 27 68 4 40 36 59 12 1 41 31 38 26 2
73 70 47 54 27 23 31 48 24 40 10 26 22 67 45 56 21 20 12 4 35 1 63 3 17 9 2 51 6 43 34 15 32 37 13 66 39 58 28 72 46 11 16 62 7 55 49 68 59 52 44 53 36 25 64 74 33 14 60 41 38 19 71 65 42 61 0 50 30 18 8 57 69 29 5
53 34 15 10 38 66 37 7 74 40 8 68 45 13 58 65 46 67 31 29 50 35 47 22 2 54 23 26 69 51 55 71 9 44 19 33 49 73 56 1 42 4 70 18 62 24 60 27 16 59 14 61 52 28 32 20 57 36 17 0 30 12 39 72 3 63 6 64 25 5 41 21 11 48 43
11 20 15 61 1 37 27 19 13 71 59 51 31 3 36 66 53 44 12 41 24 73 70 14 47 32 9 39 10 29 40 34 64 43 28 63 21 23 22 65 54 56 5 52 35 67 42 0 7 57 6 60 18 48 16 74 26 69 62 2 33 4 49 45 55 46 38 68 8 72 58 17 50 30 25
1 9 51 41 69 50 44 10 14 62 31 48 32 2 13 63 49 0 34 23 12 73 30 57 67 33 59 56 42 18 53 17 47 29 71 6 70 16 26 43 37 8 39 11 24 54 60 3 15 25 66 74 55 64 46 27 52 45 7 35 65 40 58 61 28 19 21 68 20 38 22 4 5 72 36
11 52 39 33 13 24 28 70 18 58 66 46 35 72 43 37 10 41 19 73 30 38 25 1 31 23 47 44 68 6 21 16 56 32 65 3 9 45 57 59 15 42 54 50 36 61 29 62 60 40 51 27 20 69 14 26 0 2 53 48 22 34 5 74 71 17 49 8 55 63 12 67 7 4 64
42 9 69 56 0 65 43 47 4 14 59 49 12 74 31 44 18 38 20 16 58 73 64 70 35 5 34 61 45 39 22 27 28 62 1 36 68 26 55 7 60 67 21 8 41 46 17 11 19 53 2 54 23 24 72 37 63 40 30 13 71 10 6 50 51 25 3 33 57 29 48 15 52 32 66
59 11 71 53 55 67 4 5 60 48 29 46 8 6 74 39 57 47 7 50 45 65 41 21 31 61 23 72 52 32 58 34 14 49 68 51 62 64 15 0 26 27 70 38 40 73 13 28 44 22 42 66 35 54 30 33 69 36 16 3 24 1 2 9 25 12 18 63 17 56 19 37 10 20 43
2 3 47 0 55 63 4 25 8 71 68 30 16 7 58 26 14 18 52 73 40 27 49 48 43 44 15 5 36 41 39 22 28 24 37 51 34 32 64 74 66 62 70 61 42 19 1 9 21 10 50 69 11 20 35 33 6 29 13 54 23 31 38 12 17 60 56 45 57 46 67 72 59 65 53
1 25 36 60 44 27 74 67 7 6 43 35 9 10 51 29 24 47 12 33 69 5 2 63 49 34 28 11 65 38 32 0 42 45 26 70 53 20 55 40 41 62 23 16 15 54 66 37 22 30 17 48 50 58 68 52 46 21 14 71 31 56 64 18 4 73 72 3 8 19 39 13 61 57 59
2 22 48 26 29 57 8 13 21 34 3 45 16 46 14 6 69 51 10 64 56 0 27 53 33 41 7 42 50 37 12 40 74 73 68 52 66 19 61 1 47 62 43 4 35 36 30 65 67 5 71 20 17 25 54 9 59 49 28 31 60 11 15 38 63 72 23 39 18 44 32 70 24 58 55
19 17 71 73 15 35 13 26 59 41 60 61 54 36 47 49 62 37 0 67 5 22 11 50 43 18 30 20 31 2 24 55 63 14 33 45 34 44 10 46 23 28 65 72 70 4 74 3 52 40 51 57 27 66 6 21 8 56 32 25 53 48 58 16 69 38 29 1 12 39 9 68 7 64 42
50 21 71 68 72 40 45 33 12 27 61 18 51 55 6 62 52 1 65 73 58 59 13 17 43 32 66 46 4 28 53 64 26 47 69 29 0 48 35 3 70 20 57 56 37 15 36 19 25 5 63 41 42 9 8 34 54 23 31 38 67 11 30 44 60 2 14 39 74 24 7 49 22 16 10
45 42 73 29 21 28 22 39 62 26 15 2 13 9 8 65 14 50 34 74 23 72 67 55 11 43 54 59 64 52 7 35 5 32 30 12 60 10 61 41 3 24 69 18 4 66 1 0 58 57 40 68 20 71 48 17 6 44 25 49 33 46 63 36 56 47 70 19 51 37 53 27 31 38 16
69 73 11 30 53 22 41 8 16 2 48 56 55 68 6 34 60 64 49 7 21 10 24 14 40 5 74 31 35 32 62 47 18 15 0 58 51 3 43 57 54 65 23 66 9 70 33 12 20 42 27 63 4 25 50 19 37 67 46 39 1 36 44 61 26 13 72 29 52 17 59 45 28 71 38
37 70 72 13 17 8 33 1 61 28 64 38 65 68 26 71 30 42 48 2 45 67 25 41 69 24 9 60 4 47 74 3 7 12 21 50 44 73 18 11 31 36 34 39 27 51 19 55 14 15 59 62 16 52 5 54 29 40 35 6 43 56 46 10 57 49 32 20 22 53 66 63 0 58 23
2 48 29 58 35 73 44 11 49 12 67 38 63 56 51 14 8 30 52 68 18 72 42 33 59 20 28 19 23 62 41 60 37 54 25 6 7 31 66 39 57 65 55 32 43 27 15 34 0 21 36 53 13 22 69 45 3 70 4 64 61 71 74 26 50 47 1 46 17 5 16 10 40 9 24
8 33 65 42 64 16 40 9 49 62 28 67 59 5 74 12 17 53 27 47 24 73 22 43 63 0 21 51 2 52 15 68 34 44 38 41 45 56 50 23 35 20 3 25 70 55 18 32 10 4 6 58 36 39 29 26 66 19 60 69 31 46 61 57 72 30 13 54 11 48 14 7 71 1 37
21 62 28 7 25 5 35 29 22 46 65 72 53 13 0 58 24 31 60 34 64 16 12 39 15 44 42 18 38 49 3 17 1 2 43 8 48 74 14 11 4 73 27 45 68 9 54 36 23 51 26 63 32 41 6 20 10 57 30 66 37 69 59 70 47 56 40 19 67 71 50 33 52 61 55
